NaN,NaN,NaN,NaN,NaN,NaN,NaN,NaN,NaN,NaN,NaN,NaN,NaN,NaN,NaN,NaN,NaN,NaN,NaN,NaN,NaN,NaN,NaN,NaN,NaN,NaN,NaN,NaN,NaN,NaN,NaN,NaN,NaN,NaN,NaN,NaN,NaN,NaN,NaN,NaN,NaN,NaN,NaN,NaN,NaN,NaN,NaN,NaN,NaN,NaN,NaN,NaN,1.7191e-08,1.0354e-75,3.531e-62,7.5681e-61,1.2712e-62,9.5832e-56,2.6211e-51,9.436e-52,1.5485e-47,4.2027e-41,5.2807e-34,6.7386e-31,1.4221e-25,1.3895e-19,1.7731e-16,1.7459e-12,0.0013061,NaN,NaN,NaN,NaN,NaN,NaN,NaN,NaN,NaN,NaN,NaN,NaN,NaN,NaN,NaN,NaN,NaN,NaN,NaN,NaN,NaN,NaN,NaN,NaN,NaN
NaN,NaN,NaN,NaN,NaN,NaN,NaN,NaN,NaN,NaN,NaN,NaN,NaN,NaN,NaN,NaN,NaN,NaN,NaN,NaN,NaN,NaN,NaN,NaN,NaN,NaN,NaN,NaN,NaN,NaN,NaN,NaN,NaN,NaN,NaN,NaN,NaN,NaN,NaN,NaN,NaN,NaN,NaN,NaN,NaN,NaN,NaN,NaN,NaN,NaN,NaN,0.6,3.642e-70,1.1274e-97,1.8078e-87,5.0999e-91,1.1188e-95,4.0275e-96,3.0599e-91,1.1016e-91,3.9965e-94,1.0931e-89,1.4499e-96,3.1077e-95,4.0588e-98,6.8702e-102,4.0275e-96,1.4499e-96,1.1539e-103,6.9236e-104,1.8937e-99,2.4353e-98,6.6608e-94,3.1077e-95,1.4499e-96,3.0129e-87,4.6117e-65,8.0205e-10,NaN,NaN,NaN,NaN,NaN,NaN,NaN,NaN,NaN,NaN,NaN,NaN,NaN,NaN,NaN,NaN
NaN,NaN,NaN,NaN,NaN,NaN,NaN,NaN,NaN,NaN,NaN,NaN,NaN,NaN,NaN,NaN,NaN,NaN,NaN,NaN,NaN,NaN,NaN,NaN,NaN,NaN,NaN,NaN,NaN,NaN,NaN,NaN,NaN,NaN,NaN,NaN,NaN,NaN,NaN,NaN,NaN,NaN,NaN,NaN,NaN,NaN,NaN,NaN,NaN,NaN,NaN,2.4259e-31,6.3095e-80,2.2365e-76,3.0129e-87,6.4079e-84,1.0598e-81,8.0515e-77,3.9047e-88,3.8448e-84,1.7663e-81,4.9828e-85,3.0129e-87,2.9438e-81,3.8448e-84,1.0598e-81,1.4387e-94,3.1077e-95,3.1318e-97,5.0605e-89,1.836e-91,1.7938e-85,2.3794e-92,3.8746e-86,2.3794e-92,6.7125e-96,6.7125e-96,3.319e-46,NaN,NaN,NaN,NaN,NaN,NaN,NaN,NaN,NaN,NaN,NaN,NaN,NaN,NaN,NaN,NaN
NaN,NaN,NaN,NaN,NaN,NaN,NaN,NaN,NaN,NaN,NaN,NaN,NaN,NaN,NaN,NaN,NaN,NaN,NaN,NaN,NaN,NaN,NaN,NaN,NaN,NaN,NaN,NaN,NaN,NaN,NaN,NaN,NaN,NaN,NaN,NaN,NaN,NaN,NaN,NaN,NaN,NaN,NaN,NaN,NaN,NaN,NaN,NaN,NaN,NaN,2.8651e-08,1.3316e-74,1.0275e-73,6.3095e-80,1.6992e-71,2.2193e-74,8.0515e-77,2.2193e-74,6.1172e-72,2.832e-71,6.1647e-74,2.832e-71,1.7391e-77,2.8986e-77,1.0435e-77,6.3585e-82,2.854e-73,8.1141e-79,6.2126e-76,5.0215e-87,6.3585e-82,1.8218e-89,1.7663e-81,8.3692e-87,2.3248e-86,1.0598e-81,6.7125e-96,7.3374e-53,NaN,NaN,NaN,NaN,NaN,NaN,NaN,NaN,NaN,NaN,NaN,NaN,NaN,NaN,NaN,NaN
NaN,NaN,NaN,NaN,NaN,NaN,NaN,NaN,NaN,NaN,NaN,NaN,NaN,NaN,NaN,NaN,NaN,NaN,NaN,NaN,NaN,NaN,NaN,NaN,NaN,NaN,NaN,NaN,NaN,NaN,NaN,NaN,NaN,NaN,NaN,NaN,NaN,NaN,NaN,NaN,NaN,NaN,NaN,NaN,NaN,NaN,NaN,NaN,NaN,0.1296,1.1948e-46,4.6837e-69,2.6827e-57,1.301e-68,1.291e-66,9.8845e-64,9.8083e-62,2.1351e-64,2.7457e-63,2.0051e-13,4.9976e-16,2.8762e-75,6.07e-70,1.0275e-73,1.3316e-74,1.0354e-75,1.3419e-76,4.6475e-67,2.854e-73,3.642e-70,1.7391e-77,7.9895e-75,3.8151e-82,6.2609e-78,6.1172e-72,2.2539e-78,4.7937e-75,1.242e-56,NaN,NaN,NaN,NaN,NaN,NaN,NaN,NaN,NaN,NaN,NaN,NaN,NaN,NaN,NaN,NaN
NaN,NaN,NaN,NaN,NaN,NaN,NaN,NaN,NaN,NaN,NaN,NaN,NaN,NaN,NaN,NaN,NaN,NaN,NaN,NaN,NaN,NaN,NaN,NaN,NaN,NaN,NaN,NaN,NaN,NaN,NaN,NaN,NaN,NaN,NaN,NaN,NaN,NaN,NaN,NaN,NaN,NaN,NaN,NaN,NaN,NaN,NaN,NaN,NaN,3.0957e-28,9.7327e-60,2.0861e-58,7.6269e-63,2.6827e-57,2.6827e-57,3.5038e-60,2.7245e-61,1.6474e-63,9.9991e-08,1,1,2.1186e-62,2.1186e-62,4.5762e-63,2.1023e-60,5.885e-62,9.8845e-64,4.6837e-69,5.885e-62,2.1684e-68,2.1351e-64,7.6862e-65,4.6475e-67,9.9613e-66,1.6474e-63,4.6837e-69,2.1852e-70,7.8061e-69,0.36,NaN,NaN,NaN,NaN,NaN,NaN,NaN,NaN,NaN,NaN,NaN,NaN,NaN,NaN,NaN
NaN,NaN,NaN,NaN,NaN,NaN,NaN,NaN,NaN,NaN,NaN,NaN,NaN,NaN,NaN,NaN,NaN,NaN,NaN,NaN,NaN,NaN,NaN,NaN,NaN,NaN,NaN,NaN,NaN,NaN,NaN,NaN,NaN,NaN,NaN,NaN,NaN,NaN,NaN,NaN,NaN,NaN,NaN,NaN,NaN,NaN,NaN,NaN,2.2452e-11,1.5727e-51,7.4519e-57,9.436e-52,9.2911e-48,2.0861e-58,2.0382e-52,9.436e-52,5.7946e-58,1.8889e-05,1.1231e-30,NaN,2.5116e-13,5.7946e-58,5.8396e-60,2.0861e-58,2.7245e-61,9.6576e-58,7.5098e-59,1.5727e-51,3.5038e-60,4.5059e-59,6.6919e-09,1.0958e-05,0.55148,1.9706e-11,3.5584e-64,5.7946e-58,1.5972e-55,4.5762e-63,4.9253e-16,NaN,NaN,NaN,NaN,NaN,NaN,NaN,NaN,NaN,NaN,NaN,NaN,NaN,NaN,NaN
NaN,NaN,NaN,NaN,NaN,NaN,NaN,NaN,NaN,NaN,NaN,NaN,NaN,NaN,NaN,NaN,NaN,NaN,NaN,NaN,NaN,NaN,NaN,NaN,NaN,NaN,NaN,NaN,NaN,NaN,NaN,NaN,NaN,NaN,NaN,NaN,NaN,NaN,NaN,NaN,NaN,NaN,NaN,NaN,NaN,NaN,NaN,0.6,2.4447e-33,2.6415e-53,1.2135e-50,9.436e-52,7.3944e-55,4.3014e-47,2.561e-45,5.6616e-52,3.319e-46,0.1115,0.027994,0.216,0.06089,9.6576e-58,1.5972e-55,1.242e-56,5.7056e-54,5.6616e-52,1.2135e-50,7.5098e-59,1.6096e-57,9.7178e-15,3.853e-19,3.4526e-21,1.3112e-26,0.68864,4.5059e-59,9.5093e-54,5.8396e-60,9.8083e-62,8.5991e-28,NaN,NaN,NaN,NaN,NaN,NaN,NaN,NaN,NaN,NaN,NaN,NaN,NaN,NaN,NaN
NaN,NaN,NaN,NaN,NaN,NaN,NaN,NaN,NaN,NaN,NaN,NaN,NaN,NaN,NaN,NaN,NaN,NaN,NaN,NaN,NaN,NaN,NaN,NaN,NaN,NaN,NaN,NaN,NaN,NaN,NaN,NaN,NaN,NaN,NaN,NaN,NaN,NaN,NaN,NaN,NaN,NaN,NaN,NaN,NaN,NaN,NaN,8.5328e-26,3.3708e-50,4.2027e-41,1.9307e-38,4.3348e-49,1.513e-41,9.1483e-44,1.2041e-48,1.9914e-46,4.4711e-57,5.0802e-24,1,3.7711e-13,1.1856e-44,2.5808e-47,1.1856e-44,3.2934e-44,1.9914e-46,3.3708e-50,2.0382e-52,7.2247e-49,0.77493,0.28656,2.3601e-08,1,1,0.021281,0.99882,5.6616e-52,3.4499e-56,3.4234e-54,6.8437e-35,NaN,NaN,NaN,NaN,NaN,NaN,NaN,NaN,NaN,NaN,NaN,NaN,NaN,NaN,NaN
NaN,NaN,NaN,NaN,NaN,NaN,NaN,NaN,NaN,NaN,NaN,NaN,NaN,NaN,NaN,NaN,NaN,NaN,NaN,NaN,NaN,NaN,NaN,NaN,NaN,NaN,NaN,NaN,NaN,NaN,NaN,NaN,NaN,NaN,NaN,NaN,NaN,NaN,NaN,NaN,NaN,NaN,NaN,NaN,NaN,NaN,1.7191e-08,1.1406e-34,6.8969e-37,1.5013e-39,1.1674e-40,1.4782e-35,4.2027e-41,2.5022e-39,1.1856e-44,1.4782e-35,8.5991e-28,0.016796,NaN,4.0746e-33,2.5216e-41,1.1584e-38,4.3014e-47,3.3448e-48,1.5485e-47,9.1483e-44,1.1674e-40,4.3348e-49,1,3.2934e-44,0.69706,1,1,3.9811e-27,0.91466,9.436e-52,1.9608e-42,4.3014e-47,4.1703e-39,NaN,NaN,NaN,NaN,NaN,NaN,NaN,NaN,NaN,NaN,NaN,NaN,NaN,NaN,NaN
NaN,NaN,NaN,NaN,NaN,NaN,NaN,NaN,NaN,NaN,NaN,NaN,NaN,NaN,NaN,NaN,NaN,NaN,NaN,NaN,NaN,NaN,NaN,NaN,NaN,NaN,NaN,NaN,NaN,NaN,NaN,NaN,NaN,NaN,NaN,NaN,NaN,NaN,NaN,NaN,NaN,NaN,NaN,NaN,NaN,0.07776,1.4668e-33,1.9457e-40,5.4047e-40,3.193e-36,1.5247e-43,3.2428e-40,1.1495e-36,1.1495e-36,2.4637e-35,4.1381e-37,1.7595e-14,NaN,0.07776,1.1584e-38,2.6009e-49,1.1856e-44,1.1584e-38,2.4637e-35,6.9505e-39,4.2353e-43,5.363e-38,4.1703e-39,0.93812,3.9199e-23,NaN,NaN,NaN,0.99998,1,7.0589e-43,1.1674e-40,3.319e-46,9.436e-52,1.7058e-06,NaN,NaN,NaN,NaN,NaN,NaN,NaN,NaN,NaN,NaN,NaN,NaN,NaN,NaN
NaN,NaN,NaN,NaN,NaN,NaN,NaN,NaN,NaN,NaN,NaN,NaN,NaN,NaN,NaN,NaN,NaN,NaN,NaN,NaN,NaN,NaN,NaN,NaN,NaN,NaN,NaN,NaN,NaN,NaN,NaN,NaN,NaN,NaN,NaN,NaN,NaN,NaN,NaN,NaN,NaN,NaN,NaN,NaN,NaN,6.3832e-17,1.901e-34,3.1197e-30,4.1062e-35,1.9158e-36,2.4447e-33,1.1318e-32,3.2178e-38,4.2027e-41,6.8437e-35,1.4897e-37,0.216,NaN,2.2452e-11,8.8695e-36,8.8695e-36,1.4782e-35,4.1381e-37,9.0778e-42,1.1495e-36,6.9505e-39,7.0589e-43,2.4829e-37,0.62923,1,NaN,NaN,1,1,1.9158e-36,8.8695e-36,5.489e-44,1.9307e-38,3.2178e-38,2.9552e-16,NaN,NaN,NaN,NaN,NaN,NaN,NaN,NaN,NaN,NaN,NaN,NaN,NaN,NaN
NaN,NaN,NaN,NaN,NaN,NaN,NaN,NaN,NaN,NaN,NaN,NaN,NaN,NaN,NaN,NaN,NaN,NaN,NaN,NaN,NaN,NaN,NaN,NaN,NaN,NaN,NaN,NaN,NaN,NaN,NaN,NaN,NaN,NaN,NaN,NaN,NaN,NaN,NaN,NaN,NaN,NaN,NaN,NaN,1.0395e-10,5.363e-38,2.4259e-31,2.4259e-31,6.8437e-35,4.0432e-31,4.1381e-37,1.1144e-28,1.1318e-32,1.4668e-33,2.4637e-35,1.0395e-10,NaN,NaN,1.8574e-28,3.1684e-34,6.6867e-29,1.4443e-29,8.7332e-32,5.2807e-34,5.3217e-36,6.8437e-35,8.8695e-36,5.4047e-40,5.363e-38,0.99996,1,1,1,1.0639e-16,4.1703e-39,1.9457e-40,3.2178e-38,5.3217e-36,7.0045e-41,5.1197e-26,NaN,NaN,NaN,NaN,NaN,NaN,NaN,NaN,NaN,NaN,NaN,NaN,NaN,NaN
NaN,NaN,NaN,NaN,NaN,NaN,NaN,NaN,NaN,NaN,NaN,NaN,NaN,NaN,NaN,NaN,NaN,NaN,NaN,NaN,NaN,NaN,NaN,NaN,NaN,NaN,NaN,NaN,NaN,NaN,NaN,NaN,NaN,NaN,NaN,NaN,NaN,NaN,NaN,NaN,NaN,NaN,NaN,0.216,1.0889e-22,6.6867e-29,2.4259e-31,4.0746e-33,6.6351e-27,1.1059e-26,2.4072e-29,6.6867e-29,1.8431e-26,4.012e-29,5.0802e-24,0.36,NaN,3.6846e-07,6.791e-33,1.1231e-30,4.0432e-31,3.144e-32,1.1406e-34,1.4332e-27,2.4072e-29,5.2399e-32,4.0432e-31,3.0957e-28,1.8864e-32,1,1,NaN,NaN,1.8008e-20,5.363e-38,9.0078e-40,1.8864e-32,6.8437e-35,1.1318e-32,1.0973e-24,NaN,NaN,NaN,NaN,NaN,NaN,NaN,NaN,NaN,NaN,NaN,NaN,NaN,NaN
NaN,NaN,NaN,NaN,NaN,NaN,NaN,NaN,NaN,NaN,NaN,NaN,NaN,NaN,NaN,NaN,NaN,NaN,NaN,NaN,NaN,NaN,NaN,NaN,NaN,NaN,NaN,NaN,NaN,NaN,NaN,NaN,NaN,NaN,NaN,NaN,NaN,NaN,NaN,NaN,NaN,NaN,NaN,1.0639e-16,8.7332e-32,3.0013e-20,3.9811e-27,1.8718e-30,2.4259e-31,5.1197e-26,3.0718e-26,1.4555e-31,3.0957e-28,6.5839e-25,2.8651e-08,NaN,NaN,2.2627e-13,1.1144e-28,1.1318e-32,1.1318e-32,3.1684e-34,1.1231e-30,1.9307e-38,6.7386e-31,2.4259e-31,2.4072e-29,1.8574e-28,3.1197e-30,3.1197e-30,2.843e-06,NaN,NaN,1.0395e-10,3.1197e-30,8.6659e-30,8.8695e-36,4.0746e-33,6.791e-33,6.6351e-27,0.07776,NaN,NaN,NaN,NaN,NaN,NaN,NaN,NaN,NaN,NaN,NaN,NaN,NaN
NaN,NaN,NaN,NaN,NaN,NaN,NaN,NaN,NaN,NaN,NaN,NaN,NaN,NaN,NaN,NaN,NaN,NaN,NaN,NaN,NaN,NaN,NaN,NaN,NaN,NaN,NaN,NaN,NaN,NaN,NaN,NaN,NaN,NaN,NaN,NaN,NaN,NaN,NaN,NaN,NaN,NaN,4.8123e-10,1.1059e-26,1.4332e-27,5.1995e-30,2.3702e-25,2.3702e-25,8.5328e-26,6.6351e-27,1.8431e-26,8.5328e-26,2.3886e-27,1.4443e-29,NaN,NaN,0.36,2.3338e-21,5.1197e-26,3.9199e-23,3.0957e-28,3.0481e-24,3.7371e-22,8.5991e-28,8.5991e-28,6.6351e-27,4.012e-29,5.2399e-32,2.4072e-29,6.5839e-25,4.7384e-06,NaN,NaN,2.843e-06,4.012e-29,2.4072e-29,6.6867e-29,2.4447e-33,4.012e-29,5.2399e-32,3.7711e-13,NaN,NaN,NaN,NaN,NaN,NaN,NaN,NaN,NaN,NaN,NaN,NaN,NaN
NaN,NaN,NaN,NaN,NaN,NaN,NaN,NaN,NaN,NaN,NaN,NaN,NaN,NaN,NaN,NaN,NaN,NaN,NaN,NaN,NaN,NaN,NaN,NaN,NaN,NaN,NaN,NaN,NaN,NaN,NaN,NaN,NaN,NaN,NaN,NaN,NaN,NaN,NaN,NaN,NaN,0.003628,3.9504e-25,3.0246e-22,3.8597e-19,3.8299e-17,2.3886e-27,3.0246e-22,5.1595e-28,2.4072e-29,1.8431e-26,1.8574e-28,1.1059e-26,1.0235e-06,NaN,NaN,0.00010156,1.4221e-25,1.8431e-26,3.8597e-19,1.1059e-26,3.193e-36,1.024e-40,3.7587e-46,5.4467e-42,5.1995e-30,1.4443e-29,8.5328e-26,3.9811e-27,5.2807e-34,2.2627e-13,NaN,NaN,2.8651e-08,1.0889e-22,2.4072e-29,1.4221e-25,1.8148e-22,2.4072e-29,6.7386e-31,2.9324e-14,NaN,NaN,NaN,NaN,NaN,NaN,NaN,NaN,NaN,NaN,NaN,NaN,NaN
NaN,NaN,NaN,NaN,NaN,NaN,NaN,NaN,NaN,NaN,NaN,NaN,NaN,NaN,NaN,NaN,NaN,NaN,NaN,NaN,NaN,NaN,NaN,NaN,NaN,NaN,NaN,NaN,NaN,NaN,NaN,NaN,NaN,NaN,NaN,NaN,NaN,NaN,NaN,NaN,NaN,8.1456e-14,3.9199e-23,6.5839e-25,1.0889e-22,3.0246e-22,1.4112e-23,1.0805e-20,3.0013e-20,2.298e-17,2.3519e-23,1.8289e-24,6.334e-15,NaN,NaN,NaN,3.8597e-19,8.4017e-22,5.0802e-24,1.8289e-24,6.5332e-23,2.07e-56,1.8129e-79,9.7327e-60,1.4112e-23,6.6351e-27,8.5328e-26,2.3338e-21,1.8148e-22,3.0481e-24,1.0721e-18,NaN,NaN,0.010078,2.4072e-29,1.4221e-25,3.9811e-27,1.1318e-32,8.5328e-26,2.3886e-27,1.8148e-22,NaN,NaN,NaN,NaN,NaN,NaN,NaN,NaN,NaN,NaN,NaN,NaN,NaN
NaN,NaN,NaN,NaN,NaN,NaN,NaN,NaN,NaN,NaN,NaN,NaN,NaN,NaN,NaN,NaN,NaN,NaN,NaN,NaN,NaN,NaN,NaN,NaN,NaN,NaN,NaN,NaN,NaN,NaN,NaN,NaN,NaN,NaN,NaN,NaN,NaN,NaN,NaN,NaN,1.7191e-08,8.4017e-22,2.3158e-19,2.3158e-19,6.6351e-27,8.4017e-22,3.0013e-20,8.4017e-22,8.5328e-26,5.041e-22,3.8897e-21,6.3832e-17,0.003628,NaN,NaN,0.016796,3.0481e-24,3.0718e-26,1.0973e-24,5.1595e-28,3.8597e-19,1.7058e-06,0.0021768,1.7191e-08,1.3576e-13,6.5332e-23,1.8148e-22,1.4221e-25,2.3519e-23,8.337e-20,3.8004e-15,NaN,NaN,NaN,2.3338e-21,2.3519e-23,3.0481e-24,2.298e-17,1.0805e-20,1.4003e-21,3.0481e-24,0.6,NaN,NaN,NaN,NaN,NaN,NaN,NaN,NaN,NaN,NaN,NaN,NaN
NaN,NaN,NaN,NaN,NaN,NaN,NaN,NaN,NaN,NaN,NaN,NaN,NaN,NaN,NaN,NaN,NaN,NaN,NaN,NaN,NaN,NaN,NaN,NaN,NaN,NaN,NaN,NaN,NaN,NaN,NaN,NaN,NaN,NaN,NaN,NaN,NaN,NaN,NaN,0.07776,1.0475e-12,1.3788e-17,2.298e-17,8.2089e-16,4.9636e-18,3.8897e-21,2.9552e-16,2.9782e-18,8.2727e-18,8.2727e-18,1.7869e-18,1.0557e-14,NaN,NaN,NaN,0.00010156,8.2727e-18,4.9636e-18,4.9253e-16,3.0013e-20,3.0246e-22,3.2854e-12,2.0768e-17,6.4328e-19,1.8574e-28,8.4017e-22,1.0805e-20,6.4828e-21,1.4112e-23,2.3519e-23,1.7869e-18,NaN,NaN,0.216,8.467e-24,5.0022e-20,5.0802e-24,2.3702e-25,8.5328e-26,3.9504e-25,3.9199e-23,2.8651e-08,NaN,NaN,NaN,NaN,NaN,NaN,NaN,NaN,NaN,NaN,NaN,NaN
NaN,NaN,NaN,NaN,NaN,NaN,NaN,NaN,NaN,NaN,NaN,NaN,NaN,NaN,NaN,NaN,NaN,NaN,NaN,NaN,NaN,NaN,NaN,NaN,NaN,NaN,NaN,NaN,NaN,NaN,NaN,NaN,NaN,NaN,NaN,NaN,NaN,NaN,NaN,6.334e-15,1.3895e-19,1.4003e-21,1.4332e-27,1.8008e-20,3.8299e-17,1.3788e-17,8.4017e-22,1.0805e-20,1.3682e-15,2.298e-17,1.7869e-18,0.07776,NaN,NaN,NaN,8.2727e-18,1.3788e-17,1.3895e-19,6.5332e-23,8.2727e-18,3.0481e-24,2.843e-06,0.1296,4.9636e-18,6.334e-15,1.8008e-20,1.3895e-19,8.4017e-22,1.4112e-23,1.0805e-20,3.8597e-19,0.6,NaN,NaN,1.0721e-18,3.9504e-25,5.0802e-24,3.9199e-23,6.4828e-21,2.3702e-25,6.6351e-27,4.8123e-10,NaN,NaN,NaN,NaN,NaN,NaN,NaN,NaN,NaN,NaN,NaN,NaN
NaN,NaN,NaN,NaN,NaN,NaN,NaN,NaN,NaN,NaN,NaN,NaN,NaN,NaN,NaN,NaN,NaN,NaN,NaN,NaN,NaN,NaN,NaN,NaN,NaN,NaN,NaN,NaN,NaN,NaN,NaN,NaN,NaN,NaN,NaN,NaN,NaN,NaN,6.2367e-11,1.3788e-17,3.8299e-17,6.2852e-13,1.8008e-20,2.9552e-16,2.9782e-18,4.9253e-16,1.3788e-17,1.3788e-17,3.0481e-24,2.2803e-15,1.3264e-07,NaN,NaN,NaN,0.07776,1.3895e-19,1.8148e-22,3.8299e-17,1.0805e-20,2.3338e-21,2.8651e-08,NaN,NaN,3.6846e-07,8.4017e-22,1.3682e-15,5.0022e-20,2.298e-17,8.2089e-16,1.7731e-16,1.0805e-20,0.016796,NaN,NaN,2.9782e-18,6.4328e-19,6.4328e-19,3.8004e-15,5.0022e-20,1.4112e-23,1.0639e-16,3.8004e-15,NaN,NaN,NaN,NaN,NaN,NaN,NaN,NaN,NaN,NaN,NaN,NaN
NaN,NaN,NaN,NaN,NaN,NaN,NaN,NaN,NaN,NaN,NaN,NaN,NaN,NaN,NaN,NaN,NaN,NaN,NaN,NaN,NaN,NaN,NaN,NaN,NaN,NaN,NaN,NaN,NaN,NaN,NaN,NaN,NaN,NaN,NaN,NaN,NaN,0.0013061,5.0022e-20,8.2727e-18,8.1456e-14,4.8874e-14,8.2727e-18,2.2803e-15,1.0639e-16,1.4003e-21,1.7459e-12,1.7459e-12,3.7711e-13,2.2803e-15,0.07776,NaN,NaN,NaN,1.0314e-08,1.7595e-14,4.9636e-18,3.8597e-19,3.0013e-20,8.2089e-16,2.1937e-05,NaN,0.36,1.0475e-12,3.8004e-15,6.3832e-17,6.4328e-19,2.298e-17,2.3338e-21,3.8597e-19,2.9782e-18,1.7459e-12,NaN,0.1296,3.9199e-23,2.3158e-19,3.0013e-20,3.9504e-25,6.4828e-21,1.0557e-14,1.8008e-20,4.9636e-18,NaN,NaN,NaN,NaN,NaN,NaN,NaN,NaN,NaN,NaN,NaN,NaN
NaN,NaN,NaN,NaN,NaN,NaN,NaN,NaN,NaN,NaN,NaN,NaN,NaN,NaN,NaN,NaN,NaN,NaN,NaN,NaN,NaN,NaN,NaN,NaN,NaN,NaN,NaN,NaN,NaN,NaN,NaN,NaN,NaN,NaN,NaN,NaN,0.1296,8.0828e-12,2.3158e-19,1.7731e-16,4.9636e-18,1.0475e-12,2.8874e-10,1.0395e-10,3.8004e-15,1.0639e-16,2.9782e-18,1.3895e-19,8.2727e-18,1.0235e-06,NaN,NaN,NaN,0.1296,1.3682e-15,2.9552e-16,1.0639e-16,3.8299e-17,1.7731e-16,1.7869e-18,2.2107e-07,NaN,6.2367e-11,3.8897e-21,3.8299e-17,3.8597e-19,8.2089e-16,8.337e-20,1.0557e-14,8.337e-20,1.0721e-18,0.00078364,NaN,NaN,2.9098e-12,2.9324e-14,6.334e-15,3.8004e-15,1.0721e-18,3.8597e-19,8.2089e-16,2.9782e-18,0.027994,NaN,NaN,NaN,NaN,NaN,NaN,NaN,NaN,NaN,NaN,NaN
NaN,NaN,NaN,NaN,NaN,NaN,NaN,NaN,NaN,NaN,NaN,NaN,NaN,NaN,NaN,NaN,NaN,NaN,NaN,NaN,NaN,NaN,NaN,NaN,NaN,NaN,NaN,NaN,NaN,NaN,NaN,NaN,NaN,NaN,NaN,NaN,6.1887e-09,2.1937e-05,3.7132e-09,4.8123e-10,3.8597e-19,1.4003e-21,1.0721e-18,1.0639e-16,4.8874e-14,6.334e-15,1.0557e-14,1.7459e-12,1.3788e-17,0.1296,NaN,NaN,NaN,7.8973e-06,6.334e-15,2.2627e-13,6.2852e-13,1.0475e-12,1.0395e-10,4.8874e-14,4.7384e-06,0.6,2.9098e-12,3.742e-11,2.2627e-13,8.2727e-18,3.8299e-17,8.2727e-18,1.4003e-21,8.2727e-18,3.8299e-17,2.2279e-09,NaN,NaN,2.2627e-13,5.041e-22,3.0246e-22,3.8299e-17,4.9253e-16,8.2089e-16,2.3158e-19,2.3158e-19,1.7191e-08,NaN,NaN,NaN,NaN,NaN,NaN,NaN,NaN,NaN,NaN,NaN
NaN,NaN,NaN,NaN,NaN,NaN,NaN,NaN,NaN,NaN,NaN,NaN,NaN,NaN,NaN,NaN,NaN,NaN,NaN,NaN,NaN,NaN,NaN,NaN,NaN,NaN,NaN,NaN,NaN,NaN,NaN,NaN,NaN,NaN,NaN,0.00047018,2.298e-17,0.046656,0.010078,7.9587e-08,2.9324e-14,6.334e-15,1.3788e-17,6.334e-15,4.8874e-14,3.742e-11,4.9636e-18,2.2627e-13,2.843e-06,NaN,NaN,NaN,NaN,4.8497e-12,1.0557e-14,1.3576e-13,1.3682e-15,8.1456e-14,3.8299e-17,2.9098e-12,3.6846e-07,6.1409e-07,1.7869e-18,1.3682e-15,8.337e-20,2.9552e-16,3.7711e-13,4.8497e-12,1.7324e-10,4.8874e-14,1.0557e-14,4.8497e-12,NaN,NaN,2.8874e-10,8.2089e-16,1.7459e-12,8.0205e-10,3.8299e-17,2.9552e-16,1.0805e-20,1.3576e-13,2.8874e-10,NaN,NaN,NaN,NaN,NaN,NaN,NaN,NaN,NaN,NaN,NaN
NaN,NaN,NaN,NaN,NaN,NaN,NaN,NaN,NaN,NaN,NaN,NaN,NaN,NaN,NaN,NaN,NaN,NaN,NaN,NaN,NaN,NaN,NaN,NaN,NaN,NaN,NaN,NaN,NaN,NaN,NaN,NaN,NaN,NaN,0.07776,1.0395e-10,0.0060466,0.216,8.0828e-12,0.00016927,0.36,2.2803e-15,6.2852e-13,2.2452e-11,2.2279e-09,2.2452e-11,6.2367e-11,1.3367e-09,NaN,NaN,NaN,NaN,0.36,8.2089e-16,2.2627e-13,6.334e-15,2.9324e-14,1.0639e-16,2.9552e-16,1.7595e-14,0.00078364,2.2279e-09,4.9253e-16,1.3682e-15,6.2852e-13,4.8497e-12,1.7459e-12,4.8497e-12,3.7711e-13,3.7711e-13,8.1456e-14,1.7459e-12,NaN,NaN,4.7384e-06,4.8874e-14,1.0639e-16,1.8008e-20,1.7731e-16,2.2803e-15,2.9552e-16,6.3832e-17,8.0828e-12,NaN,NaN,NaN,NaN,NaN,NaN,NaN,NaN,NaN,NaN,NaN
NaN,NaN,NaN,NaN,NaN,NaN,NaN,NaN,NaN,NaN,NaN,NaN,NaN,NaN,NaN,NaN,NaN,NaN,NaN,NaN,NaN,NaN,NaN,NaN,NaN,NaN,NaN,NaN,NaN,NaN,NaN,NaN,NaN,NaN,3.7132e-09,6.1409e-07,0.016796,3.6846e-07,1.7191e-08,NaN,NaN,2.8651e-08,4.8123e-10,8.0205e-10,8.1456e-14,2.9552e-16,3.8004e-15,0.0013061,NaN,NaN,NaN,NaN,1.3162e-05,3.742e-11,2.9552e-16,1.7595e-14,1.7595e-14,6.2852e-13,1.7191e-08,3.742e-11,0.010078,1.3367e-09,3.7132e-09,4.8123e-10,1.3264e-07,8.0828e-12,6.334e-15,2.9552e-16,1.0557e-14,1.7595e-14,6.2367e-11,1.7459e-12,NaN,NaN,0.00047018,2.9098e-12,2.8874e-10,8.0205e-10,2.2627e-13,3.7711e-13,1.0475e-12,2.9098e-12,3.8004e-15,0.046656,NaN,NaN,NaN,NaN,NaN,NaN,NaN,NaN,NaN,NaN
NaN,NaN,NaN,NaN,NaN,NaN,NaN,NaN,NaN,NaN,NaN,NaN,NaN,NaN,NaN,NaN,NaN,NaN,NaN,NaN,NaN,NaN,NaN,NaN,NaN,NaN,NaN,NaN,NaN,NaN,NaN,NaN,NaN,2.1937e-05,8.1456e-14,1.3367e-09,8.2089e-16,1.7459e-12,1.3367e-09,2.8651e-08,1.7731e-16,8.2727e-18,1.8008e-20,1.3682e-15,1.3471e-11,1.0314e-08,6.1409e-07,0.6,NaN,NaN,NaN,NaN,1.7459e-12,1.0475e-12,2.9098e-12,6.2367e-11,2.2279e-09,1.7191e-08,1.7595e-14,2.2627e-13,2.8651e-08,6.2367e-11,2.2627e-13,2.2452e-11,2.9552e-16,1.0557e-14,3.8004e-15,4.9253e-16,8.1456e-14,6.2852e-13,1.0557e-14,3.742e-11,NaN,NaN,0.1296,6.334e-15,6.3832e-17,1.3788e-17,2.2803e-15,6.334e-15,1.0557e-14,2.298e-17,1.3788e-17,0.0060466,NaN,NaN,NaN,NaN,NaN,NaN,NaN,NaN,NaN,NaN
NaN,NaN,NaN,NaN,NaN,NaN,NaN,NaN,NaN,NaN,NaN,NaN,NaN,NaN,NaN,NaN,NaN,NaN,NaN,NaN,NaN,NaN,NaN,NaN,NaN,NaN,NaN,NaN,NaN,NaN,NaN,NaN,0.36,1.3367e-09,1.3367e-09,0.00028211,7.8973e-06,4.8874e-14,2.9098e-12,0.00016927,4.7384e-06,2.843e-06,2.2107e-07,1.7058e-06,2.9098e-12,1.7869e-18,0.0021768,NaN,NaN,NaN,NaN,0.1296,1.0395e-10,3.7711e-13,1.0557e-14,1.7324e-10,2.9324e-14,4.9253e-16,1.3576e-13,3.742e-11,2.2452e-11,1.7459e-12,4.8874e-14,6.2852e-13,2.2452e-11,2.2627e-13,3.7132e-09,1.0314e-08,4.8874e-14,1.7459e-12,4.8497e-12,2.2452e-11,0.00028211,NaN,1.3162e-05,4.8497e-12,1.3471e-11,2.2452e-11,8.0828e-12,3.8004e-15,6.334e-15,2.9324e-14,4.8123e-10,1.7058e-06,NaN,NaN,NaN,NaN,NaN,NaN,NaN,NaN,NaN,NaN
NaN,NaN,NaN,NaN,NaN,NaN,NaN,NaN,NaN,NaN,NaN,NaN,NaN,NaN,NaN,NaN,NaN,NaN,NaN,NaN,NaN,NaN,NaN,NaN,NaN,NaN,NaN,NaN,NaN,NaN,NaN,NaN,6.1409e-07,2.9324e-14,1.3576e-13,2.8874e-10,7.8973e-06,3.6846e-07,0.00016927,2.1937e-05,2.2279e-09,0.99999,0.99998,0.99972,1,4.7384e-06,NaN,NaN,NaN,NaN,NaN,0.00010156,8.1456e-14,1.7459e-12,4.8497e-12,8.0828e-12,2.2279e-09,4.7384e-06,3.7132e-09,1.7459e-12,4.8123e-10,1.7324e-10,1.3264e-07,6.2367e-11,4.8123e-10,3.742e-11,6.334e-15,8.2089e-16,2.9098e-12,1.3576e-13,2.2452e-11,1.3471e-11,8.337e-20,2.2803e-15,0.010078,8.0828e-12,2.2279e-09,1.3471e-11,8.0828e-12,1.3367e-09,1.7324e-10,1.0235e-06,2.2452e-11,2.843e-06,NaN,NaN,NaN,NaN,NaN,NaN,NaN,NaN,NaN,NaN
NaN,NaN,NaN,NaN,NaN,NaN,NaN,NaN,NaN,NaN,NaN,NaN,NaN,NaN,NaN,NaN,NaN,NaN,NaN,NaN,NaN,NaN,NaN,NaN,NaN,NaN,NaN,NaN,NaN,NaN,NaN,0.003628,2.1937e-05,1.7459e-12,6.2367e-11,1.0475e-12,1.3682e-15,3.7711e-13,2.9098e-12,6.1887e-09,2.2107e-07,3.8299e-17,1.277e-23,1.2019e-28,1,1,1,NaN,NaN,NaN,0.003628,3.6846e-07,3.6562e-05,4.7384e-06,1.0235e-06,1.0314e-08,2.2627e-13,3.7711e-13,1.7324e-10,2.8874e-10,4.8497e-12,3.7711e-13,1.0639e-16,3.7711e-13,1.0475e-12,1.0314e-08,3.7132e-09,1.7324e-10,1.7595e-14,1.3682e-15,8.2089e-16,1.7324e-10,3.742e-11,6.2367e-11,1.7191e-08,8.2089e-16,2.2803e-15,8.0828e-12,2.2452e-11,8.1456e-14,2.9098e-12,8.0828e-12,4.8874e-14,6.2367e-11,0.216,NaN,NaN,NaN,NaN,NaN,NaN,NaN,NaN,NaN
NaN,NaN,NaN,NaN,NaN,NaN,NaN,NaN,NaN,NaN,NaN,NaN,NaN,NaN,NaN,NaN,NaN,NaN,NaN,NaN,NaN,NaN,NaN,NaN,NaN,NaN,NaN,NaN,NaN,NaN,0.046656,6.2367e-11,2.2107e-07,7.9587e-08,8.0205e-10,1.7058e-06,2.2107e-07,8.0205e-10,1.0475e-12,1.3576e-13,3.7132e-09,1.9023e-05,1,0.99853,3.0437e-15,1,NaN,NaN,NaN,NaN,0.00016927,8.0828e-12,3.742e-11,4.8497e-12,4.8497e-12,1.3471e-11,8.0205e-10,1.7324e-10,6.2367e-11,2.9098e-12,3.6846e-07,1.3162e-05,3.6562e-05,2.2107e-07,1.7191e-08,2.2452e-11,6.2367e-11,3.6846e-07,2.843e-06,7.8973e-06,6.1887e-09,1.0557e-14,8.0205e-10,2.8651e-08,1.0557e-14,1.0314e-08,1.3367e-09,5.0022e-20,1.1144e-28,9.5174e-14,1.2099e-09,6.2852e-13,1.0475e-12,2.9098e-12,0.00078364,NaN,NaN,NaN,NaN,NaN,NaN,NaN,NaN,NaN
NaN,NaN,NaN,NaN,NaN,NaN,NaN,NaN,NaN,NaN,NaN,NaN,NaN,NaN,NaN,NaN,NaN,NaN,NaN,NaN,NaN,NaN,NaN,NaN,NaN,NaN,NaN,NaN,NaN,0.1296,6.1887e-09,8.0828e-12,2.2107e-07,1.7191e-08,4.7752e-08,1.7191e-08,2.2279e-09,2.2107e-07,6.1409e-07,1,4.8874e-14,1,1,1,1,1,NaN,NaN,NaN,NaN,1.3264e-07,2.2107e-07,1.7324e-10,4.8123e-10,1.7191e-08,1.3264e-07,3.6846e-07,2.2279e-09,2.8651e-08,1.0314e-08,1.0475e-12,2.2452e-11,2.9098e-12,1.0475e-12,2.2107e-07,2.9098e-12,4.8497e-12,3.8004e-15,6.1887e-09,4.8123e-10,1.3471e-11,2.8874e-10,6.334e-15,8.0828e-12,2.8874e-10,2.2279e-09,6.2367e-11,1,0.98768,1,0.7086,1,2.8874e-10,7.9587e-08,6.0936e-05,NaN,NaN,NaN,NaN,NaN,NaN,NaN,NaN,NaN
NaN,NaN,NaN,NaN,NaN,NaN,NaN,NaN,NaN,NaN,NaN,NaN,NaN,NaN,NaN,NaN,NaN,NaN,NaN,NaN,NaN,NaN,NaN,NaN,NaN,NaN,NaN,NaN,NaN,2.8651e-08,3.6846e-07,8.0828e-12,1.3367e-09,7.9587e-08,2.2107e-07,3.6846e-07,2.843e-06,7.9587e-08,1,1,NaN,NaN,1,1,1,NaN,NaN,NaN,NaN,NaN,3.7132e-09,6.1887e-09,2.8874e-10,3.7711e-13,8.0828e-12,4.8123e-10,2.2279e-09,2.2107e-07,2.2279e-09,8.0828e-12,4.8497e-12,1.3471e-11,4.7752e-08,7.8973e-06,7.9587e-08,4.7752e-08,2.8651e-08,6.1887e-09,8.1456e-14,1.0475e-12,6.1887e-09,8.0205e-10,1.3162e-05,1.0395e-10,7.9587e-08,6.2852e-13,1,0.99998,1,1,0.6969,1,6.2852e-13,2.9098e-12,1.3264e-07,NaN,NaN,NaN,NaN,NaN,NaN,NaN,NaN,NaN
NaN,NaN,NaN,NaN,NaN,NaN,NaN,NaN,NaN,NaN,NaN,NaN,NaN,NaN,NaN,NaN,NaN,NaN,NaN,NaN,NaN,NaN,NaN,NaN,NaN,NaN,NaN,NaN,0.00078364,1.3264e-07,4.7752e-08,6.1887e-09,8.0205e-10,2.2107e-07,2.8651e-08,2.2803e-15,2.2452e-11,1.7191e-08,1,0.36,NaN,NaN,NaN,1,1,NaN,NaN,NaN,NaN,0.1296,0.00010156,1.7058e-06,1.7058e-06,1.7191e-08,4.7752e-08,1.7191e-08,1.7191e-08,1.3471e-11,2.8651e-08,2.1937e-05,0.00016927,3.6846e-07,6.1887e-09,3.742e-11,2.2452e-11,3.7132e-09,6.1887e-09,1.0235e-06,3.6846e-07,4.7752e-08,4.7752e-08,1.0235e-06,4.7752e-08,2.8651e-08,1.0395e-10,2.2107e-07,1,1.0284e-19,0.96503,0.68256,0.0021768,1,1.3471e-11,1.7191e-08,1.0314e-08,NaN,NaN,NaN,NaN,NaN,NaN,NaN,NaN,NaN
NaN,NaN,NaN,NaN,NaN,NaN,NaN,NaN,NaN,NaN,NaN,NaN,NaN,NaN,NaN,NaN,NaN,NaN,NaN,NaN,NaN,NaN,NaN,NaN,NaN,NaN,NaN,0.216,3.6562e-05,7.9587e-08,1.7324e-10,1.7058e-06,2.2279e-09,1.7058e-06,1.0314e-08,4.7384e-06,4.7384e-06,1,0.0060466,NaN,NaN,NaN,NaN,1,NaN,NaN,NaN,NaN,NaN,3.7132e-09,2.9324e-14,1.3264e-07,6.1409e-07,1.0235e-06,2.2452e-11,2.2107e-07,1.0235e-06,3.6562e-05,2.2107e-07,2.843e-06,2.2107e-07,1.0314e-08,2.843e-06,2.8651e-08,2.8651e-08,2.1937e-05,7.8973e-06,2.8651e-08,2.2107e-07,4.8123e-10,3.742e-11,2.8874e-10,2.2279e-09,2.2107e-07,1.0314e-08,4.8497e-12,1,0.090502,1,NaN,0.36,1,2.2279e-09,1.0395e-10,1.3367e-09,0.1296,NaN,NaN,NaN,NaN,NaN,NaN,NaN,NaN
NaN,NaN,NaN,NaN,NaN,NaN,NaN,NaN,NaN,NaN,NaN,NaN,NaN,NaN,NaN,NaN,NaN,NaN,NaN,NaN,NaN,NaN,NaN,NaN,NaN,NaN,NaN,0.00028211,4.7384e-06,6.0936e-05,1.0395e-10,1.0314e-08,2.8874e-10,4.8123e-10,3.6846e-07,2.8651e-08,1,1,1,NaN,NaN,NaN,1,1,NaN,NaN,NaN,NaN,0.046656,1.3264e-07,2.843e-06,7.8973e-06,3.6846e-07,6.1409e-07,1.0235e-06,4.7752e-08,2.8874e-10,7.9587e-08,1.3367e-09,1.7191e-08,1.7058e-06,3.7132e-09,1.3367e-09,2.8874e-10,1.3471e-11,2.8874e-10,2.2452e-11,1.0475e-12,8.0828e-12,8.0205e-10,7.9587e-08,3.6846e-07,3.6846e-07,4.7752e-08,1.0395e-10,1.0395e-10,1,0.046656,NaN,NaN,NaN,1,2.2107e-07,2.8651e-08,2.8651e-08,0.00078364,NaN,NaN,NaN,NaN,NaN,NaN,NaN,NaN
NaN,NaN,NaN,NaN,NaN,NaN,NaN,NaN,NaN,NaN,NaN,NaN,NaN,NaN,NaN,NaN,NaN,NaN,NaN,NaN,NaN,NaN,NaN,NaN,NaN,NaN,0.0060466,0.36,7.8973e-06,6.0936e-05,0.00016927,1.7058e-06,1.3264e-07,6.0936e-05,3.6846e-07,1.3162e-05,3.6562e-05,0.0060466,1,1,1,1,1,NaN,NaN,NaN,NaN,NaN,0.046656,2.2279e-09,1.0475e-12,2.8874e-10,2.8874e-10,4.7384e-06,4.7384e-06,3.7132e-09,2.8651e-08,4.8123e-10,6.1887e-09,4.8497e-12,8.0205e-10,1.0235e-06,6.1409e-07,2.843e-06,1.3162e-05,7.9587e-08,7.8973e-06,0.00078364,0.00016927,7.8973e-06,3.6846e-07,4.7752e-08,2.843e-06,1.0235e-06,7.9587e-08,2.843e-06,1,0.216,NaN,NaN,1,6.0936e-05,4.8123e-10,7.9587e-08,1.7191e-08,4.7384e-06,NaN,NaN,NaN,NaN,NaN,NaN,NaN,NaN
NaN,NaN,NaN,NaN,NaN,NaN,NaN,NaN,NaN,NaN,NaN,NaN,NaN,NaN,NaN,NaN,NaN,NaN,NaN,NaN,NaN,NaN,NaN,NaN,NaN,NaN,3.7132e-09,0.0013061,4.7752e-08,1.0235e-06,1.3264e-07,2.2279e-09,1.7324e-10,4.7384e-06,6.1887e-09,6.1409e-07,3.6846e-07,0.36,NaN,NaN,NaN,1,NaN,NaN,NaN,NaN,NaN,NaN,4.7384e-06,1.0235e-06,2.843e-06,1.0235e-06,0.00047018,4.7384e-06,1.3367e-09,1.0235e-06,3.6846e-07,2.843e-06,0.00028211,6.1409e-07,4.7752e-08,7.8973e-06,2.2107e-07,1.0314e-08,2.8874e-10,4.8123e-10,2.2107e-07,2.2279e-09,7.9587e-08,1.7058e-06,1.7058e-06,1.3264e-07,1.0235e-06,4.8123e-10,4.8123e-10,6.1409e-07,1,0.07776,NaN,NaN,1,0.010078,4.7752e-08,1.3162e-05,7.8973e-06,6.1409e-07,NaN,NaN,NaN,NaN,NaN,NaN,NaN,NaN
NaN,NaN,NaN,NaN,NaN,NaN,NaN,NaN,NaN,NaN,NaN,NaN,NaN,NaN,NaN,NaN,NaN,NaN,NaN,NaN,NaN,NaN,NaN,NaN,NaN,0.07776,1.7324e-10,4.7752e-08,1.0314e-08,4.7752e-08,0.00028211,1.3162e-05,0.00028211,0.0021768,3.6562e-05,2.1937e-05,0.00078364,NaN,NaN,NaN,NaN,NaN,NaN,NaN,NaN,NaN,NaN,0.00010156,8.0205e-10,2.843e-06,2.843e-06,2.1937e-05,3.6846e-07,6.1409e-07,1.7058e-06,1.7191e-08,2.8651e-08,1.3264e-07,4.7384e-06,0.00010156,7.8973e-06,1.0235e-06,2.2107e-07,1.3162e-05,1.0235e-06,2.2107e-07,0.003628,6.1409e-07,1.3264e-07,1.3367e-09,3.7711e-13,3.7132e-09,2.2803e-15,1.3367e-09,2.2107e-07,3.6562e-05,1,1,1,1,1,0.016796,4.8497e-12,0.00028211,6.1409e-07,1.7058e-06,0.07776,NaN,NaN,NaN,NaN,NaN,NaN,NaN
NaN,NaN,NaN,NaN,NaN,NaN,NaN,NaN,NaN,NaN,NaN,NaN,NaN,NaN,NaN,NaN,NaN,NaN,NaN,NaN,NaN,NaN,NaN,NaN,0.6,2.2107e-07,1.0314e-08,0.0013061,0.0013061,6.0936e-05,0.0021768,1.7058e-06,4.7384e-06,4.8123e-10,1.7459e-12,1.7191e-08,0.1296,NaN,NaN,NaN,NaN,NaN,NaN,NaN,NaN,NaN,NaN,0.003628,0.003628,3.6562e-05,1.3162e-05,6.1409e-07,7.9587e-08,1.0235e-06,6.1887e-09,2.843e-06,2.1937e-05,1.0235e-06,7.8973e-06,2.2452e-11,4.8123e-10,2.9098e-12,8.0205e-10,2.2452e-11,4.7752e-08,1.7058e-06,4.8497e-12,3.6846e-07,3.7132e-09,2.843e-06,6.0936e-05,1.3367e-09,0.00010156,2.843e-06,6.0936e-05,6.0936e-05,3.6846e-07,1.0235e-06,0.36,1,1,0.1296,2.1937e-05,2.1937e-05,4.8123e-10,8.1456e-14,6.0936e-05,NaN,NaN,NaN,NaN,NaN,NaN,NaN
NaN,NaN,NaN,NaN,NaN,NaN,NaN,NaN,NaN,NaN,NaN,NaN,NaN,NaN,NaN,NaN,NaN,NaN,NaN,NaN,NaN,NaN,NaN,0.016796,4.7384e-06,0.00010156,1.7191e-08,7.8973e-06,4.7384e-06,1.3367e-09,1.0314e-08,7.9587e-08,1.7191e-08,3.6562e-05,1.3162e-05,0.003628,NaN,NaN,NaN,NaN,NaN,NaN,NaN,NaN,NaN,NaN,0.36,1.3264e-07,1.3367e-09,3.6846e-07,2.8651e-08,2.8651e-08,1.3264e-07,0.00028211,0.0013061,0.00047018,1.7058e-06,4.7752e-08,2.8651e-08,3.6562e-05,1.3162e-05,0.0013061,0.010078,0.027994,0.00028211,1.3162e-05,1.3264e-07,6.1409e-07,0.00047018,7.9587e-08,0.00028211,0.0013061,0.00028211,1.0235e-06,3.6846e-07,1.0314e-08,6.1887e-09,1.0235e-06,1.7058e-06,NaN,NaN,NaN,4.7384e-06,1.0395e-10,7.9587e-08,1.0235e-06,0.0021768,NaN,NaN,NaN,NaN,NaN,NaN,NaN
NaN,NaN,NaN,NaN,NaN,NaN,NaN,NaN,NaN,NaN,NaN,NaN,NaN,NaN,NaN,NaN,NaN,NaN,NaN,NaN,NaN,NaN,NaN,6.1887e-09,2.8874e-10,1.3162e-05,1.7191e-08,4.7752e-08,0.00010156,0.00028211,7.8973e-06,0.0013061,0.016796,3.6562e-05,2.1937e-05,NaN,NaN,NaN,NaN,NaN,NaN,NaN,NaN,NaN,NaN,NaN,0.00016927,6.1409e-07,7.8973e-06,1.3162e-05,0.00010156,0.00078364,4.7752e-08,4.8123e-10,7.8973e-06,2.8874e-10,1.0314e-08,1.3264e-07,6.0936e-05,0.0013061,1.3162e-05,2.1937e-05,7.8973e-06,2.2107e-07,7.8973e-06,2.1937e-05,3.6846e-07,3.6846e-07,6.0936e-05,0.00047018,1.3162e-05,6.1409e-07,4.7384e-06,1.7058e-06,4.7384e-06,1.0314e-08,0.0013061,0.00047018,0.027994,NaN,NaN,NaN,1.3162e-05,7.8973e-06,1.0235e-06,2.8874e-10,3.6562e-05,NaN,NaN,NaN,NaN,NaN,NaN,NaN
NaN,NaN,NaN,NaN,NaN,NaN,NaN,NaN,NaN,NaN,NaN,NaN,NaN,NaN,NaN,NaN,NaN,NaN,NaN,NaN,NaN,NaN,0.07776,0.00078364,0.016796,0.00047018,0.07776,0.010078,2.1937e-05,1.7324e-10,2.2279e-09,1.3264e-07,1.0235e-06,6.0936e-05,0.216,NaN,NaN,NaN,NaN,NaN,NaN,NaN,NaN,NaN,NaN,0.36,0.00028211,0.0060466,1.3264e-07,2.843e-06,4.7384e-06,0.00047018,4.7384e-06,0.00010156,0.00028211,0.0060466,0.00078364,0.00028211,4.7384e-06,1.0235e-06,7.8973e-06,4.7752e-08,3.6846e-07,1.3264e-07,4.7752e-08,1.3264e-07,0.00016927,1.3264e-07,4.8874e-14,1.3471e-11,7.9587e-08,8.0205e-10,2.2107e-07,4.7384e-06,1.3264e-07,0.00010156,4.7384e-06,1.3162e-05,0.00047018,NaN,NaN,NaN,3.6562e-05,0.0013061,0.0060466,4.7384e-06,6.0936e-05,NaN,NaN,NaN,NaN,NaN,NaN,NaN
NaN,NaN,NaN,NaN,NaN,NaN,NaN,NaN,NaN,NaN,NaN,NaN,NaN,NaN,NaN,NaN,NaN,NaN,NaN,NaN,NaN,0.216,0.00010156,0.00010156,2.1937e-05,2.8874e-10,1.7058e-06,4.7384e-06,0.003628,0.010078,0.00028211,0.010078,4.7384e-06,0.010078,NaN,NaN,NaN,NaN,NaN,NaN,NaN,NaN,NaN,NaN,NaN,0.0060466,6.1887e-09,3.6846e-07,0.00010156,0.00016927,0.00016927,3.6562e-05,0.00028211,4.7384e-06,2.1937e-05,7.9587e-08,2.843e-06,1.3367e-09,1.0314e-08,4.7384e-06,0.027994,0.00047018,0.010078,0.00028211,7.9587e-08,1.3367e-09,1.3367e-09,1.0235e-06,0.0021768,0.00010156,1.7058e-06,1.7058e-06,1.3162e-05,3.6846e-07,4.7384e-06,1.0235e-06,1.3264e-07,2.8651e-08,2.1937e-05,NaN,NaN,NaN,3.6562e-05,1.0475e-12,3.8004e-15,1.3162e-05,6.0936e-05,0.0060466,NaN,NaN,NaN,NaN,NaN,NaN
NaN,NaN,NaN,NaN,NaN,NaN,NaN,NaN,NaN,NaN,NaN,NaN,NaN,NaN,NaN,NaN,NaN,NaN,NaN,NaN,NaN,0.027994,0.046656,0.00028211,6.0936e-05,6.0936e-05,1.7058e-06,0.00028211,0.00016927,2.2107e-07,6.1887e-09,1.3264e-07,1.7058e-06,0.016796,NaN,NaN,NaN,NaN,NaN,NaN,NaN,NaN,NaN,NaN,NaN,NaN,0.0021768,0.00047018,0.0013061,1.7058e-06,7.9587e-08,7.9587e-08,1.7058e-06,1.0395e-10,4.7384e-06,0.00028211,3.6562e-05,0.00047018,7.8973e-06,2.2107e-07,2.2279e-09,4.8123e-10,2.8651e-08,6.1409e-07,0.003628,0.046656,0.00047018,0.0013061,1.3264e-07,2.1937e-05,2.2107e-07,2.8651e-08,6.1409e-07,4.7384e-06,0.0060466,0.027994,0.00047018,0.00078364,0.003628,0.216,NaN,NaN,NaN,0.0013061,0.027994,0.010078,0.00010156,0.010078,NaN,NaN,NaN,NaN,NaN,NaN
NaN,NaN,NaN,NaN,NaN,NaN,NaN,NaN,NaN,NaN,NaN,NaN,NaN,NaN,NaN,NaN,NaN,NaN,NaN,NaN,0.07776,0.00047018,4.8123e-10,2.1937e-05,1.0235e-06,1.0235e-06,0.00016927,6.0936e-05,6.0936e-05,0.00028211,0.00078364,7.8973e-06,6.0936e-05,NaN,NaN,NaN,NaN,NaN,NaN,NaN,NaN,NaN,NaN,NaN,NaN,0.00016927,1.7058e-06,2.843e-06,0.00028211,0.016796,0.010078,0.00078364,0.0060466,6.1409e-07,2.1937e-05,2.843e-06,3.6846e-07,0.00016927,0.003628,0.046656,0.216,0.6,0.010078,0.0060466,7.8973e-06,7.8973e-06,7.8973e-06,1.7058e-06,7.8973e-06,0.00010156,0.0013061,0.00028211,0.00016927,1.7058e-06,1.0235e-06,1.7058e-06,2.2452e-11,1.0314e-08,1.0235e-06,0.003628,NaN,NaN,NaN,0.0060466,0.00016927,3.6846e-07,1.7324e-10,4.7384e-06,NaN,NaN,NaN,NaN,NaN,NaN
NaN,NaN,NaN,NaN,NaN,NaN,NaN,NaN,NaN,NaN,NaN,NaN,NaN,NaN,NaN,NaN,NaN,NaN,NaN,0.6,0.016796,0.0021768,0.016796,0.016796,0.00028211,0.0013061,2.1937e-05,2.843e-06,6.1409e-07,0.00010156,0.0021768,2.843e-06,NaN,NaN,NaN,NaN,NaN,NaN,NaN,NaN,NaN,NaN,NaN,NaN,0.1296,2.1937e-05,0.00010156,3.6846e-07,2.2107e-07,1.0395e-10,2.8874e-10,4.7384e-06,0.0021768,0.0060466,0.016796,0.00016927,0.00078364,0.00016927,3.6562e-05,6.1409e-07,6.1409e-07,2.2107e-07,4.8123e-10,2.1937e-05,0.00078364,0.0060466,0.0021768,1.3162e-05,4.7384e-06,1.3162e-05,1.3162e-05,0.00010156,0.00010156,0.0013061,2.1937e-05,0.0013061,0.0021768,0.00010156,0.0013061,0.003628,NaN,NaN,0.36,0.0013061,0.003628,0.00047018,6.0936e-05,4.8497e-12,0.216,NaN,NaN,NaN,NaN,NaN
NaN,NaN,NaN,NaN,NaN,NaN,NaN,NaN,NaN,NaN,NaN,NaN,NaN,NaN,NaN,NaN,NaN,NaN,0.36,1.0235e-06,2.1937e-05,4.7384e-06,0.00010156,6.1409e-07,0.0013061,0.00010156,0.003628,3.6562e-05,2.843e-06,6.1409e-07,2.2107e-07,0.046656,NaN,NaN,NaN,NaN,NaN,NaN,NaN,NaN,NaN,NaN,NaN,NaN,0.00078364,0.0021768,0.010078,0.003628,0.003628,0.07776,0.046656,0.00078364,1.3162e-05,1.7058e-06,1.3264e-07,3.6846e-07,0.0013061,0.00016927,3.6562e-05,0.0013061,0.00047018,0.0013061,0.00047018,6.2852e-13,4.8497e-12,2.2279e-09,2.8651e-08,7.8973e-06,0.00010156,0.00047018,1.3162e-05,0.00016927,0.00078364,1.3162e-05,4.7384e-06,1.0314e-08,2.8651e-08,3.6562e-05,2.2107e-07,2.843e-06,NaN,NaN,NaN,2.1937e-05,2.2107e-07,2.843e-06,0.00010156,6.0936e-05,0.1296,NaN,NaN,NaN,NaN,NaN
NaN,NaN,NaN,NaN,NaN,NaN,NaN,NaN,NaN,NaN,NaN,NaN,NaN,NaN,NaN,NaN,NaN,NaN,0.00010156,0.00016927,7.8973e-06,2.1937e-05,1.7058e-06,0.00047018,2.1937e-05,0.00078364,7.8973e-06,1.3162e-05,0.010078,2.843e-06,1.3162e-05,NaN,NaN,NaN,NaN,NaN,NaN,NaN,NaN,NaN,NaN,NaN,NaN,NaN,2.843e-06,7.9587e-08,3.6562e-05,1.7058e-06,7.8973e-06,0.00078364,0.00047018,0.016796,0.0060466,0.003628,0.0013061,0.0060466,0.00078364,2.1937e-05,2.1937e-05,2.1937e-05,1.3162e-05,0.0060466,0.1296,0.027994,0.027994,4.7384e-06,0.0021768,4.7384e-06,1.3162e-05,1.0314e-08,7.8973e-06,0.00078364,0.00047018,0.0013061,0.003628,3.6846e-07,2.1937e-05,1.7058e-06,3.7132e-09,7.9587e-08,NaN,NaN,NaN,3.7132e-09,0.003628,2.2107e-07,1.0314e-08,2.1937e-05,0.003628,NaN,NaN,NaN,NaN,NaN
NaN,NaN,NaN,NaN,NaN,NaN,NaN,NaN,NaN,NaN,NaN,NaN,NaN,NaN,NaN,NaN,NaN,0.0060466,0.0013061,0.1296,0.0013061,0.016796,0.010078,0.0060466,6.0936e-05,0.00028211,0.00028211,0.0060466,0.027994,0.00028211,0.216,NaN,NaN,NaN,NaN,NaN,NaN,NaN,NaN,NaN,NaN,NaN,NaN,0.046656,0.216,0.010078,0.0021768,6.0936e-05,1.0235e-06,7.8973e-06,1.3367e-09,1.7058e-06,0.00010156,6.1409e-07,0.00016927,0.00078364,0.010078,0.003628,0.016796,3.6562e-05,1.0235e-06,3.6846e-07,6.1409e-07,0.027994,0.046656,0.016796,0.00028211,0.016796,0.07776,0.016796,0.0021768,0.00010156,3.7132e-09,2.843e-06,0.003628,0.003628,0.010078,0.027994,0.0013061,0.010078,NaN,NaN,NaN,3.6562e-05,1.3264e-07,3.6562e-05,1.7058e-06,4.7752e-08,0.046656,NaN,NaN,NaN,NaN,NaN
NaN,NaN,NaN,NaN,NaN,NaN,NaN,NaN,NaN,NaN,NaN,NaN,NaN,NaN,NaN,NaN,NaN,0.00047018,0.010078,0.00028211,0.00028211,0.0021768,0.00078364,0.010078,6.0936e-05,0.003628,0.1296,0.010078,0.00047018,0.00078364,NaN,NaN,NaN,NaN,NaN,NaN,NaN,NaN,NaN,NaN,NaN,NaN,NaN,0.046656,0.0013061,0.0060466,0.00078364,0.003628,0.003628,0.0060466,6.0936e-05,7.8973e-06,7.8973e-06,1.7058e-06,2.843e-06,1.7058e-06,3.6846e-07,6.1887e-09,1.3162e-05,0.016796,1.3162e-05,6.0936e-05,1.3162e-05,6.0936e-05,2.843e-06,4.7384e-06,1.3162e-05,0.046656,0.00047018,0.0060466,0.0013061,0.046656,0.0013061,0.00047018,1.7191e-08,4.7384e-06,4.7384e-06,4.7384e-06,0.0013061,0.00047018,0.07776,NaN,NaN,NaN,0.1296,0.00028211,0.00028211,6.0936e-05,0.0021768,NaN,NaN,NaN,NaN,NaN
NaN,NaN,NaN,NaN,NaN,NaN,NaN,NaN,NaN,NaN,NaN,NaN,NaN,NaN,NaN,NaN,0.00078364,0.00010156,2.1937e-05,0.00047018,0.00010156,0.0013061,0.0021768,6.0936e-05,3.6562e-05,0.0013061,0.0021768,0.0013061,0.00016927,0.027994,NaN,NaN,NaN,NaN,NaN,NaN,NaN,NaN,NaN,NaN,NaN,NaN,0.1296,1.7058e-06,2.2107e-07,3.6562e-05,0.016796,0.010078,0.016796,0.010078,0.0021768,0.00078364,0.003628,0.016796,0.016796,0.00078364,0.00016927,0.00078364,1.3162e-05,0.00078364,0.0060466,6.0936e-05,0.0021768,0.010078,0.046656,0.00010156,1.3162e-05,3.6562e-05,1.3264e-07,1.3162e-05,2.1937e-05,0.00078364,0.00010156,2.843e-06,2.1937e-05,0.0021768,0.046656,0.00016927,0.0013061,7.8973e-06,0.00016927,NaN,NaN,0.07776,6.0936e-05,0.00016927,2.843e-06,0.0013061,0.00016927,0.36,NaN,NaN,NaN,NaN
NaN,NaN,NaN,NaN,NaN,NaN,NaN,NaN,NaN,NaN,NaN,NaN,NaN,NaN,NaN,0.36,0.00010156,0.0013061,0.010078,0.003628,2.2107e-07,6.0936e-05,0.1296,0.6,0.0060466,3.6562e-05,0.00078364,0.1296,0.07776,NaN,NaN,NaN,NaN,NaN,NaN,NaN,NaN,NaN,NaN,NaN,NaN,NaN,0.0013061,0.00016927,3.6562e-05,2.2107e-07,1.7058e-06,0.00010156,7.8973e-06,0.003628,0.016796,0.027994,0.00078364,0.0021768,0.010078,1.3162e-05,7.8973e-06,0.027994,1.3162e-05,7.8973e-06,1.7058e-06,0.027994,0.016796,0.00078364,0.00047018,0.003628,0.010078,0.00028211,0.00016927,4.7752e-08,1.7058e-06,2.843e-06,0.003628,0.016796,0.00078364,0.003628,0.1296,0.027994,0.6,0.003628,0.1296,NaN,NaN,NaN,2.843e-06,0.00028211,0.00047018,0.00016927,0.0060466,0.07776,NaN,NaN,NaN,NaN
NaN,NaN,NaN,NaN,NaN,NaN,NaN,NaN,NaN,NaN,NaN,NaN,NaN,NaN,0.1296,0.00010156,0.00016927,0.00078364,0.0021768,6.1409e-07,0.00016927,6.0936e-05,6.0936e-05,0.1296,0.00047018,0.0021768,0.046656,0.0021768,0.0060466,NaN,NaN,NaN,NaN,NaN,NaN,NaN,NaN,NaN,NaN,NaN,NaN,NaN,0.027994,0.016796,0.0013061,6.0936e-05,0.0060466,6.0936e-05,0.00010156,0.00047018,0.00078364,0.00028211,0.0013061,0.0013061,0.00028211,0.00028211,0.0021768,0.00078364,0.00047018,6.0936e-05,3.6846e-07,2.2107e-07,2.1937e-05,0.0013061,2.843e-06,0.00016927,0.0021768,1.3162e-05,0.027994,0.010078,1.3162e-05,2.1937e-05,7.8973e-06,7.8973e-06,0.003628,0.0021768,0.00010156,0.0060466,0.016796,0.046656,0.1296,NaN,NaN,NaN,0.00047018,4.7384e-06,7.8973e-06,0.016796,0.216,0.046656,NaN,NaN,NaN,NaN
NaN,NaN,NaN,NaN,NaN,NaN,NaN,NaN,NaN,NaN,NaN,NaN,NaN,NaN,7.9587e-08,1.0235e-06,1.3264e-07,0.1296,0.07776,0.010078,0.016796,0.010078,0.00010156,0.0021768,0.0060466,1.7058e-06,0.00010156,3.6846e-07,0.36,NaN,NaN,NaN,NaN,NaN,NaN,NaN,NaN,NaN,NaN,NaN,NaN,NaN,0.016796,0.046656,0.046656,0.36,0.07776,0.010078,0.016796,0.003628,2.1937e-05,2.1937e-05,3.6562e-05,0.0021768,0.00010156,0.0013061,0.016796,0.00010156,0.0021768,0.003628,0.0021768,2.1937e-05,0.00016927,7.8973e-06,2.1937e-05,0.0060466,2.2107e-07,0.00028211,0.00047018,0.0013061,3.6562e-05,6.0936e-05,0.00078364,0.00028211,0.0021768,0.00010156,1.3162e-05,1.3162e-05,1.3367e-09,6.0936e-05,0.216,NaN,NaN,NaN,0.6,4.7384e-06,1.7058e-06,0.046656,0.07776,0.00016927,NaN,NaN,NaN,NaN
NaN,NaN,NaN,NaN,NaN,NaN,NaN,NaN,NaN,NaN,NaN,NaN,NaN,0.216,6.0936e-05,0.07776,7.8973e-06,0.07776,0.00010156,0.00028211,0.010078,0.046656,0.0060466,0.00078364,2.2107e-07,0.00028211,0.0013061,0.0021768,NaN,NaN,NaN,NaN,NaN,NaN,NaN,NaN,NaN,NaN,NaN,NaN,NaN,0.1296,0.016796,0.016796,0.0013061,0.0021768,0.0060466,0.00016927,6.0936e-05,0.00047018,2.1937e-05,3.6562e-05,0.00016927,3.6562e-05,3.6562e-05,0.027994,0.010078,0.0021768,0.00078364,0.016796,0.046656,0.010078,0.0060466,6.0936e-05,0.00016927,0.00028211,0.010078,0.046656,0.027994,0.1296,0.07776,0.0060466,0.0021768,0.00028211,0.0060466,0.016796,0.0013061,0.00010156,0.00016927,1.3162e-05,6.0936e-05,0.6,NaN,NaN,NaN,0.010078,0.0060466,0.027994,4.7384e-06,0.0013061,0.046656,NaN,NaN,NaN
NaN,NaN,NaN,NaN,NaN,NaN,NaN,NaN,NaN,NaN,NaN,NaN,NaN,0.027994,0.027994,0.00010156,0.00047018,2.2279e-09,0.0060466,1.0235e-06,0.003628,0.016796,0.07776,0.010078,0.016796,3.6562e-05,0.016796,NaN,NaN,NaN,NaN,NaN,NaN,NaN,NaN,NaN,NaN,NaN,NaN,NaN,NaN,0.216,0.00047018,0.0021768,6.0936e-05,0.00010156,0.0060466,0.00047018,0.0013061,0.0021768,6.0936e-05,6.0936e-05,0.00078364,6.0936e-05,0.00047018,0.0013061,0.010078,0.00047018,0.00047018,2.843e-06,0.003628,0.36,0.0013061,0.027994,0.36,0.010078,0.00028211,0.00078364,0.00028211,0.016796,0.0060466,0.027994,0.0060466,0.016796,0.027994,0.0060466,0.0021768,0.010078,0.046656,0.00028211,6.0936e-05,0.00047018,NaN,NaN,NaN,0.00078364,0.0060466,0.010078,0.003628,0.0013061,0.003628,NaN,NaN,NaN
NaN,NaN,NaN,NaN,NaN,NaN,NaN,NaN,NaN,NaN,NaN,NaN,0.216,0.00047018,0.216,2.1937e-05,0.00010156,0.07776,0.0013061,1.7191e-08,0.00016927,6.0936e-05,0.0060466,0.016796,0.027994,0.027994,0.36,NaN,NaN,NaN,NaN,NaN,NaN,NaN,NaN,NaN,NaN,NaN,NaN,NaN,0.6,0.010078,0.0060466,0.016796,0.016796,6.0936e-05,0.046656,0.010078,0.216,0.0021768,0.027994,0.07776,0.0060466,0.010078,0.010078,0.00078364,1.3162e-05,0.016796,0.003628,0.00078364,3.6562e-05,0.00047018,0.016796,0.0021768,2.8651e-08,0.00016927,0.003628,1.0235e-06,3.6562e-05,0.00078364,6.0936e-05,0.0060466,0.016796,0.0060466,7.8973e-06,0.00028211,0.0013061,7.9587e-08,0.00028211,4.7384e-06,2.2107e-07,0.00028211,NaN,NaN,NaN,0.0013061,0.36,0.0021768,0.046656,0.6,0.0060466,NaN,NaN,NaN
NaN,NaN,NaN,NaN,NaN,NaN,NaN,NaN,NaN,NaN,NaN,0.216,0.016796,0.0021768,0.00028211,0.00016927,NaN,0.07776,0.027994,0.00028211,0.6,2.2107e-07,0.00078364,0.016796,3.6562e-05,0.07776,NaN,NaN,NaN,NaN,NaN,NaN,NaN,NaN,NaN,NaN,NaN,NaN,NaN,NaN,0.0060466,0.00028211,0.00016927,0.027994,0.016796,0.027994,0.027994,0.00047018,0.36,0.00047018,0.0060466,0.010078,0.046656,0.216,0.027994,0.016796,0.016796,0.07776,0.0060466,0.010078,0.00078364,0.00016927,0.00047018,0.0021768,6.0936e-05,0.016796,0.00028211,0.00016927,0.0013061,3.6562e-05,0.00078364,0.0013061,0.00010156,0.00078364,1.3162e-05,0.00078364,7.8973e-06,0.016796,0.00078364,0.00047018,0.0021768,0.010078,NaN,NaN,NaN,0.046656,NaN,0.016796,0.0021768,0.0060466,2.1937e-05,NaN,NaN,NaN
NaN,NaN,NaN,NaN,NaN,NaN,NaN,NaN,NaN,NaN,NaN,0.36,NaN,0.0013061,0.0060466,0.36,NaN,NaN,0.216,0.36,0.6,0.0060466,0.00016927,0.07776,0.003628,0.6,NaN,NaN,NaN,NaN,NaN,NaN,NaN,NaN,NaN,NaN,NaN,NaN,NaN,NaN,0.003628,0.0013061,0.0060466,0.00078364,6.0936e-05,3.6562e-05,0.003628,6.0936e-05,6.0936e-05,0.00028211,0.027994,0.027994,0.016796,0.216,0.00078364,3.6562e-05,0.0060466,0.0013061,0.046656,0.0021768,0.0060466,0.0013061,0.00078364,0.003628,0.0060466,0.0060466,0.00047018,0.003628,0.0021768,0.00016927,0.046656,0.00047018,0.00078364,0.046656,0.010078,0.0060466,0.027994,0.046656,0.1296,0.046656,0.016796,7.8973e-06,0.046656,NaN,NaN,0.216,NaN,0.6,0.010078,1.3162e-05,0.0013061,NaN,NaN,NaN
NaN,NaN,NaN,NaN,NaN,NaN,NaN,NaN,NaN,NaN,0.6,0.6,0.003628,0.1296,0.027994,0.216,0.010078,NaN,NaN,NaN,0.046656,0.0060466,0.0021768,0.216,0.216,NaN,NaN,NaN,NaN,NaN,NaN,NaN,NaN,NaN,NaN,NaN,NaN,NaN,NaN,0.216,0.010078,0.00010156,0.0013061,0.016796,0.0013061,1.3162e-05,0.0060466,0.0013061,0.00016927,0.046656,0.00016927,0.00016927,0.00010156,6.0936e-05,0.00028211,0.00047018,0.00010156,7.8973e-06,0.010078,0.00078364,0.00010156,3.6562e-05,3.6562e-05,3.6562e-05,0.1296,2.1937e-05,0.00028211,0.0060466,3.6562e-05,0.0013061,6.0936e-05,0.00047018,4.7384e-06,0.010078,0.07776,0.027994,0.00047018,0.046656,0.0013061,0.1296,0.00078364,0.216,NaN,NaN,NaN,NaN,NaN,NaN,0.36,0.36,0.216,NaN,NaN,NaN
NaN,NaN,NaN,NaN,NaN,NaN,NaN,NaN,NaN,NaN,NaN,0.1296,0.216,0.016796,0.36,0.00047018,NaN,0.36,0.003628,0.010078,0.00028211,0.016796,0.07776,0.027994,NaN,NaN,NaN,NaN,NaN,NaN,NaN,NaN,NaN,NaN,NaN,NaN,NaN,NaN,NaN,0.0060466,0.046656,0.0060466,0.027994,0.003628,0.046656,0.003628,0.010078,0.027994,0.6,0.027994,0.016796,0.0060466,6.0936e-05,6.0936e-05,0.00028211,0.010078,6.0936e-05,0.0013061,0.00028211,0.046656,0.00028211,0.00016927,3.6562e-05,0.07776,0.010078,0.0013061,6.0936e-05,0.003628,0.0060466,0.00078364,0.003628,0.00078364,1.0235e-06,0.00047018,0.0021768,0.00078364,0.00028211,0.003628,2.1937e-05,0.07776,0.6,NaN,NaN,NaN,NaN,NaN,NaN,NaN,0.36,0.00047018,0.010078,0.6,NaN,NaN
NaN,NaN,NaN,NaN,NaN,NaN,NaN,NaN,NaN,NaN,NaN,NaN,0.36,0.07776,0.0013061,0.36,0.00047018,1.7191e-08,0.00047018,0.0021768,0.0060466,0.0060466,0.216,0.216,NaN,NaN,NaN,NaN,NaN,NaN,NaN,NaN,NaN,NaN,NaN,NaN,NaN,NaN,NaN,0.36,0.027994,0.016796,0.046656,0.046656,0.027994,0.010078,0.07776,0.216,0.6,0.016796,0.027994,0.010078,0.027994,0.027994,0.027994,0.016796,3.6562e-05,0.00078364,0.00047018,0.010078,0.046656,0.046656,0.010078,0.0060466,0.0060466,0.00016927,0.0021768,0.00047018,0.003628,0.016796,0.0060466,0.046656,0.027994,6.0936e-05,6.0936e-05,0.0060466,0.0060466,0.00016927,0.003628,0.00078364,0.00028211,0.00047018,0.36,NaN,NaN,NaN,NaN,NaN,NaN,1.3162e-05,0.1296,NaN,NaN,NaN
NaN,NaN,NaN,NaN,NaN,NaN,NaN,NaN,NaN,NaN,NaN,0.046656,0.016796,NaN,0.07776,7.8973e-06,0.6,0.07776,0.07776,0.07776,1.3162e-05,0.6,0.003628,0.36,NaN,NaN,NaN,NaN,NaN,NaN,NaN,NaN,NaN,NaN,NaN,NaN,NaN,NaN,0.1296,0.016796,0.0021768,0.0060466,0.07776,0.0060466,3.6562e-05,2.1937e-05,1.3162e-05,0.0013061,0.003628,0.00028211,0.00047018,2.1937e-05,0.00047018,0.027994,0.046656,0.0013061,0.016796,0.00028211,0.0013061,0.046656,0.216,0.07776,0.1296,0.003628,0.010078,2.1937e-05,0.1296,0.216,0.1296,0.027994,0.0013061,0.016796,0.027994,0.010078,0.00016927,0.046656,0.003628,0.00078364,0.0060466,0.216,0.0013061,3.6562e-05,0.00028211,NaN,NaN,NaN,NaN,NaN,NaN,0.07776,0.216,0.216,NaN,NaN
NaN,NaN,NaN,NaN,NaN,NaN,NaN,NaN,NaN,0.0060466,0.36,0.010078,0.1296,0.016796,0.00047018,0.36,0.027994,NaN,0.1296,0.046656,0.07776,0.0013061,0.07776,NaN,NaN,NaN,NaN,NaN,NaN,NaN,NaN,NaN,NaN,NaN,NaN,NaN,NaN,NaN,0.00010156,0.0060466,0.07776,0.003628,4.7384e-06,6.0936e-05,0.010078,0.00028211,3.6562e-05,7.8973e-06,1.0235e-06,1.7058e-06,2.843e-06,0.07776,0.0060466,0.1296,0.00078364,0.003628,0.010078,0.003628,0.016796,0.00028211,0.0060466,0.046656,0.00010156,6.1409e-07,3.6846e-07,0.003628,0.0060466,0.0021768,0.36,0.027994,0.027994,0.00028211,0.07776,7.8973e-06,0.00047018,2.1937e-05,0.016796,0.046656,0.00016927,0.0060466,0.00078364,0.36,4.7752e-08,0.1296,NaN,NaN,NaN,NaN,NaN,NaN,0.36,0.046656,0.016796,NaN
NaN,NaN,NaN,NaN,NaN,NaN,NaN,NaN,0.046656,0.00047018,0.027994,0.6,0.36,0.0060466,0.6,0.0060466,NaN,0.046656,0.1296,0.1296,0.003628,0.0021768,NaN,NaN,NaN,NaN,NaN,NaN,NaN,NaN,NaN,NaN,NaN,NaN,NaN,NaN,NaN,0.6,0.046656,0.003628,0.1296,0.003628,0.010078,0.010078,0.046656,0.36,0.046656,0.00047018,0.027994,0.36,0.010078,0.0021768,0.027994,0.0060466,0.016796,0.046656,0.016796,0.00028211,0.0060466,2.1937e-05,4.7384e-06,1.3162e-05,3.6562e-05,0.016796,0.027994,0.046656,0.07776,0.00078364,0.027994,0.010078,0.027994,4.7384e-06,0.016796,0.010078,0.0021768,6.0936e-05,0.016796,0.0060466,0.00047018,0.0013061,0.00047018,0.027994,0.36,NaN,NaN,NaN,NaN,NaN,NaN,NaN,0.36,0.010078,0.216,NaN
NaN,NaN,NaN,NaN,NaN,NaN,0.046656,0.00078364,0.36,0.00028211,0.1296,NaN,NaN,NaN,0.003628,0.07776,0.07776,0.003628,0.0060466,0.00010156,6.0936e-05,NaN,NaN,NaN,NaN,NaN,NaN,NaN,NaN,NaN,NaN,NaN,NaN,NaN,NaN,NaN,NaN,0.6,0.010078,0.010078,0.016796,0.0013061,0.046656,0.027994,0.027994,0.016796,0.003628,0.1296,0.07776,0.1296,0.07776,0.046656,0.003628,0.027994,0.027994,0.1296,0.07776,0.046656,0.1296,0.0060466,0.0021768,0.003628,0.027994,0.6,0.07776,0.0060466,2.1937e-05,0.003628,1.3162e-05,3.6846e-07,0.79408,1.7058e-06,0.00016927,0.00010156,0.016796,0.00028211,0.0060466,0.0013061,0.36,4.7384e-06,2.2107e-07,0.010078,0.216,0.016796,NaN,NaN,NaN,NaN,NaN,NaN,NaN,3.6562e-05,3.6562e-05,NaN
NaN,NaN,NaN,NaN,NaN,NaN,0.36,NaN,6.0936e-05,0.07776,0.216,NaN,NaN,0.010078,0.027994,0.1296,0.0013061,2.2107e-07,0.00028211,6.0936e-05,NaN,NaN,NaN,NaN,NaN,NaN,NaN,NaN,NaN,NaN,NaN,NaN,NaN,NaN,NaN,NaN,NaN,0.016796,0.010078,0.00047018,1.3162e-05,0.0060466,0.31539,0.046656,0.00078364,0.07776,NaN,0.216,0.07776,0.07776,0.216,0.0060466,0.027994,0.0060466,0.0021768,7.8973e-06,0.0060466,0.6,0.016796,0.027994,0.046656,0.36,0.6,0.016796,0.07776,0.010078,0.027994,0.07776,0.00078364,8.4984e-10,0.967,0.216,6.0936e-05,0.216,NaN,0.1296,0.010078,0.046656,0.6,0.010078,0.027994,0.1296,0.010078,0.027994,NaN,NaN,NaN,NaN,NaN,NaN,NaN,0.00047018,0.003628,NaN
NaN,NaN,NaN,NaN,NaN,NaN,0.36,0.0060466,0.046656,0.016796,0.003628,NaN,0.1296,0.0013061,0.36,0.36,0.36,0.027994,0.027994,NaN,NaN,NaN,NaN,NaN,NaN,NaN,NaN,NaN,NaN,NaN,NaN,NaN,NaN,NaN,NaN,NaN,0.6,0.0013061,0.0021768,0.00028211,0.56344,0.0062687,0.38836,0.07776,NaN,0.016796,0.00047018,0.0060466,0.010078,0.0021768,0.046656,0.00047018,1.3367e-09,2.2107e-07,1.0235e-06,0.010078,0.00016927,NaN,6.0936e-05,0.07776,NaN,0.216,0.046656,0.016796,0.046656,0.216,0.216,0.36,0.86262,1,1,0.6,0.00028211,0.36,NaN,0.36,0.027994,NaN,0.07776,0.36,0.00016927,0.027994,0.1296,0.046656,NaN,NaN,NaN,NaN,NaN,NaN,NaN,0.6,0.216,NaN
NaN,NaN,NaN,NaN,NaN,0.0060466,0.07776,0.010078,0.0021768,0.0021768,0.36,0.36,0.046656,0.216,0.6,0.36,0.07776,0.07776,NaN,NaN,NaN,NaN,NaN,NaN,NaN,NaN,NaN,NaN,NaN,NaN,NaN,NaN,NaN,NaN,NaN,NaN,0.216,0.0060466,0.07776,0.80106,0.59209,0.98769,0.18889,0.00028211,0.00010156,0.003628,0.0060466,0.0060466,0.003628,0.010078,0.0013061,0.00016927,0.016796,0.00028211,0.016796,0.0013061,0.36,NaN,0.1296,0.0060466,0.046656,0.40322,0.00078364,0.010078,0.016796,0.016796,0.1296,0.00028211,0.17321,0.90341,0.99687,0.1296,0.36,NaN,NaN,NaN,0.36,0.6,0.36,0.07776,0.216,4.7384e-06,2.1937e-05,0.1296,NaN,NaN,NaN,NaN,NaN,NaN,NaN,0.36,0.6,NaN
NaN,NaN,NaN,NaN,0.216,0.07776,0.003628,0.003628,0.00078364,0.216,0.36,NaN,0.216,0.010078,0.07776,NaN,NaN,0.6,NaN,NaN,NaN,NaN,NaN,NaN,NaN,NaN,NaN,NaN,NaN,NaN,NaN,NaN,NaN,NaN,NaN,NaN,NaN,0.36,0.07776,0.51289,1,1,0.083443,0.1296,0.027994,0.00078364,0.016796,0.1296,0.027994,0.07776,0.016796,0.216,NaN,0.216,0.016796,0.016796,0.07776,NaN,0.0013061,0.00047018,1.0235e-06,0.092303,2.1937e-05,0.0013061,0.0060466,0.0060466,0.016796,4.7752e-08,0.05794,0.98086,0.68097,0.6,0.046656,0.36,NaN,NaN,0.027994,0.046656,0.0060466,0.00078364,0.00078364,0.00047018,0.00078364,0.0021768,NaN,NaN,NaN,NaN,NaN,NaN,NaN,NaN,0.1296,NaN
NaN,NaN,NaN,NaN,0.36,NaN,0.0021768,0.07776,0.216,NaN,NaN,0.1296,0.0060466,0.36,0.1296,0.0013061,0.00028211,0.216,NaN,NaN,NaN,NaN,NaN,NaN,NaN,NaN,NaN,NaN,NaN,NaN,NaN,NaN,NaN,NaN,NaN,NaN,0.016796,0.027994,0.016796,1,NaN,0.99968,0.003628,0.36,2.1937e-05,0.027994,0.046656,0.36,0.07776,0.027994,0.936,0.4199,NaN,0.1296,NaN,0.36,0.36,NaN,0.016796,0.00047018,0.99996,0.99782,0.010078,0.07776,0.010078,0.0013061,0.216,1.3162e-05,1,1,0.0023765,0.0060466,0.027994,0.6,NaN,NaN,NaN,NaN,3.7132e-09,1.7058e-06,0.1296,0.1296,NaN,0.003628,0.216,NaN,NaN,NaN,NaN,NaN,NaN,NaN,0.36,NaN
NaN,NaN,NaN,NaN,NaN,0.027994,1.0235e-06,0.016796,0.1296,NaN,0.00078364,0.016796,0.00028211,0.003628,0.216,0.0013061,0.010078,NaN,NaN,NaN,NaN,NaN,NaN,NaN,NaN,NaN,NaN,NaN,NaN,NaN,NaN,NaN,NaN,NaN,NaN,0.216,1.3162e-05,2.843e-06,0.00028211,NaN,NaN,0.00078364,0.046656,0.00047018,0.36,NaN,NaN,NaN,0.36,0.216,0.32884,0.97072,NaN,NaN,NaN,0.216,0.6,0.216,0.07776,0.057902,0.9976,0.035414,0.6,NaN,0.36,0.36,0.1296,0.0013061,0.6,NaN,0.00047018,0.1296,0.046656,NaN,NaN,NaN,NaN,NaN,0.00028211,0.016796,NaN,NaN,NaN,0.216,NaN,NaN,NaN,NaN,NaN,NaN,NaN,NaN,NaN,NaN
NaN,NaN,NaN,NaN,0.1296,0.046656,0.00010156,0.016796,0.027994,0.027994,0.6,0.6,0.016796,NaN,0.36,0.216,NaN,NaN,NaN,NaN,NaN,NaN,NaN,NaN,NaN,NaN,NaN,NaN,NaN,NaN,NaN,NaN,NaN,NaN,NaN,0.6,0.6,0.0060466,0.36,NaN,0.36,0.36,NaN,0.1296,0.010078,0.0013061,0.00028211,0.00078364,0.0013061,0.00016927,0.99976,0.98718,NaN,0.046656,0.36,0.016796,NaN,0.0013061,0.36,NaN,0.99972,0.41589,0.046656,0.003628,0.016796,0.00078364,0.0013061,NaN,NaN,NaN,0.36,0.216,0.1296,NaN,NaN,NaN,NaN,NaN,NaN,0.0021768,NaN,NaN,NaN,0.046656,0.00078364,NaN,NaN,NaN,NaN,NaN,NaN,NaN,NaN,NaN
NaN,NaN,0.00028211,0.07776,NaN,0.1296,0.027994,0.07776,0.6,0.36,0.046656,NaN,NaN,NaN,0.36,0.36,NaN,NaN,NaN,NaN,NaN,NaN,NaN,NaN,NaN,NaN,NaN,NaN,NaN,NaN,NaN,NaN,NaN,NaN,NaN,NaN,NaN,0.0021768,0.1296,NaN,0.216,0.046656,0.0060466,0.0013061,0.0060466,0.00078364,0.003628,0.016796,6.0936e-05,0.095502,1,1,NaN,0.36,0.6,0.6,0.6,0.216,0.1296,0.36,0.046656,0.36,3.6562e-05,0.00028211,0.00028211,0.016796,0.00078364,0.1296,NaN,NaN,0.1296,0.36,0.016796,NaN,NaN,NaN,NaN,NaN,0.1296,0.003628,NaN,NaN,NaN,0.1296,0.0021768,NaN,NaN,NaN,NaN,NaN,NaN,NaN,NaN,NaN
NaN,0.07776,0.6,NaN,NaN,0.6,0.6,NaN,NaN,NaN,0.07776,NaN,NaN,0.216,0.016796,0.36,NaN,NaN,NaN,NaN,NaN,NaN,NaN,NaN,NaN,NaN,NaN,NaN,NaN,NaN,NaN,NaN,NaN,NaN,NaN,0.1296,0.003628,NaN,NaN,NaN,0.216,0.016796,0.046656,0.07776,0.216,0.046656,0.0021768,0.027994,NaN,2.7316e-05,5.8621e-05,NaN,NaN,0.216,0.6,0.016796,4.7384e-06,0.1296,0.216,0.010078,NaN,NaN,0.6,0.07776,0.00047018,0.216,0.07776,NaN,NaN,NaN,NaN,NaN,0.216,NaN,NaN,NaN,NaN,NaN,0.1296,0.0013061,NaN,NaN,NaN,0.6,0.016796,0.07776,NaN,NaN,NaN,NaN,NaN,NaN,NaN,NaN
NaN,0.07776,0.1296,NaN,0.07776,0.00016927,0.6,0.016796,0.0060466,0.00047018,NaN,NaN,0.1296,NaN,0.046656,NaN,NaN,NaN,NaN,NaN,NaN,NaN,NaN,NaN,NaN,NaN,NaN,NaN,NaN,NaN,NaN,NaN,NaN,NaN,0.046656,0.00078364,0.016796,NaN,NaN,NaN,0.046656,0.016796,0.216,NaN,NaN,NaN,NaN,0.216,0.046656,0.0013061,0.44784,NaN,0.1296,0.07776,0.6,0.003628,0.010078,0.046656,0.016796,NaN,NaN,NaN,NaN,NaN,NaN,NaN,0.216,NaN,NaN,NaN,NaN,NaN,0.07776,NaN,NaN,NaN,NaN,NaN,0.07776,0.0021768,0.07776,NaN,NaN,NaN,NaN,NaN,NaN,NaN,NaN,NaN,NaN,NaN,NaN,NaN
NaN,NaN,NaN,0.010078,0.0021768,0.00010156,0.0060466,0.003628,0.027994,0.36,NaN,0.046656,NaN,0.6,NaN,NaN,NaN,NaN,NaN,NaN,NaN,NaN,NaN,NaN,NaN,NaN,NaN,NaN,NaN,NaN,NaN,NaN,NaN,0.1296,4.7384e-06,0.1296,NaN,NaN,NaN,NaN,NaN,NaN,0.216,0.07776,0.027994,0.046656,1.3162e-05,0.0060466,0.016796,0.648,0.00010156,0.016796,0.046656,0.0021768,0.046656,0.0060466,0.07776,0.016796,0.6,0.6,NaN,NaN,NaN,0.010078,0.046656,0.6,0.016796,0.36,NaN,NaN,NaN,NaN,NaN,NaN,NaN,NaN,NaN,NaN,0.046656,0.046656,0.36,NaN,NaN,NaN,NaN,0.216,NaN,NaN,NaN,NaN,NaN,NaN,NaN,NaN
NaN,NaN,NaN,NaN,NaN,0.046656,NaN,0.216,0.016796,0.027994,6.0936e-05,0.0060466,0.046656,NaN,NaN,NaN,NaN,NaN,NaN,NaN,NaN,NaN,NaN,NaN,NaN,NaN,NaN,NaN,NaN,NaN,NaN,NaN,NaN,NaN,0.0060466,0.00028211,0.016796,NaN,NaN,0.1296,0.0021768,0.00016927,0.016796,0.010078,0.027994,0.00047018,0.016796,0.003628,0.36,0.36,0.016796,0.046656,NaN,0.36,NaN,NaN,0.016796,0.003628,0.00078364,NaN,NaN,NaN,NaN,0.1296,0.1296,0.0060466,0.0060466,0.6,NaN,NaN,NaN,NaN,NaN,NaN,NaN,NaN,NaN,NaN,0.36,0.00047018,NaN,NaN,NaN,NaN,NaN,NaN,NaN,NaN,NaN,NaN,NaN,NaN,NaN,NaN
NaN,NaN,0.0021768,0.216,0.216,0.00016927,0.00047018,0.216,0.216,0.216,0.00010156,0.027994,NaN,NaN,NaN,NaN,NaN,NaN,NaN,NaN,NaN,NaN,NaN,NaN,NaN,NaN,NaN,NaN,NaN,NaN,NaN,NaN,NaN,3.6562e-05,0.0013061,0.216,NaN,NaN,NaN,0.00078364,1.0235e-06,0.0021768,0.010078,0.07776,NaN,NaN,NaN,0.6,0.6,0.216,0.00028211,0.00047018,0.016796,2.843e-06,6.0936e-05,0.00016927,0.00028211,0.00078364,0.216,NaN,NaN,NaN,NaN,0.1296,0.027994,0.027994,0.6,NaN,NaN,NaN,NaN,NaN,NaN,NaN,NaN,NaN,NaN,0.36,0.0013061,0.216,0.1296,NaN,NaN,NaN,NaN,NaN,NaN,NaN,NaN,NaN,NaN,NaN,NaN,NaN
NaN,0.00028211,0.216,0.36,0.027994,0.1296,NaN,NaN,NaN,NaN,NaN,NaN,NaN,NaN,NaN,NaN,NaN,NaN,NaN,NaN,NaN,NaN,NaN,NaN,NaN,NaN,NaN,NaN,NaN,NaN,NaN,NaN,0.6,NaN,NaN,NaN,NaN,NaN,NaN,0.216,0.36,NaN,0.36,0.016796,0.016796,0.0060466,1.0235e-06,3.6562e-05,NaN,0.010078,7.8973e-06,0.00010156,0.027994,0.00016927,0.00078364,0.027994,0.6,NaN,NaN,NaN,NaN,NaN,NaN,0.6,0.0060466,0.010078,0.016796,0.07776,NaN,NaN,NaN,NaN,NaN,NaN,NaN,NaN,NaN,NaN,0.0021768,0.027994,NaN,NaN,NaN,NaN,NaN,NaN,NaN,NaN,NaN,NaN,NaN,NaN,NaN,NaN
NaN,NaN,NaN,NaN,0.6,0.6,NaN,NaN,NaN,0.1296,0.36,NaN,NaN,NaN,NaN,NaN,NaN,NaN,NaN,NaN,NaN,NaN,NaN,NaN,NaN,NaN,NaN,NaN,NaN,NaN,NaN,NaN,NaN,0.36,NaN,NaN,NaN,NaN,0.6,0.0013061,0.010078,0.07776,0.36,0.00028211,0.00047018,0.6,NaN,0.36,NaN,NaN,NaN,0.36,NaN,NaN,NaN,0.6,0.07776,0.003628,0.36,NaN,NaN,NaN,NaN,0.046656,1.3264e-07,0.0060466,6.0936e-05,0.016796,NaN,NaN,NaN,NaN,NaN,NaN,NaN,NaN,NaN,NaN,0.216,6.0936e-05,0.36,NaN,NaN,NaN,NaN,NaN,NaN,NaN,NaN,NaN,NaN,NaN,NaN,NaN
0.046656,0.36,NaN,0.216,0.046656,0.6,NaN,NaN,0.1296,0.00078364,0.0060466,NaN,NaN,NaN,NaN,NaN,NaN,NaN,NaN,NaN,NaN,NaN,NaN,NaN,NaN,NaN,NaN,NaN,NaN,NaN,NaN,NaN,NaN,NaN,NaN,NaN,NaN,NaN,0.07776,0.36,0.027994,0.07776,NaN,NaN,NaN,NaN,NaN,0.216,NaN,0.6,0.07776,0.016796,0.216,0.046656,0.1296,0.07776,0.6,0.010078,NaN,NaN,NaN,NaN,NaN,0.6,0.6,0.6,NaN,NaN,NaN,NaN,NaN,NaN,NaN,NaN,NaN,NaN,NaN,NaN,6.0936e-05,0.00016927,0.046656,NaN,NaN,NaN,NaN,NaN,NaN,NaN,NaN,NaN,NaN,NaN,NaN,NaN
NaN,NaN,NaN,0.0021768,NaN,NaN,NaN,NaN,NaN,NaN,NaN,NaN,NaN,NaN,NaN,NaN,NaN,NaN,NaN,NaN,NaN,NaN,NaN,NaN,NaN,NaN,NaN,NaN,NaN,NaN,NaN,NaN,NaN,NaN,NaN,NaN,NaN,NaN,0.027994,0.016796,0.6,NaN,0.07776,0.027994,0.0060466,0.027994,0.216,NaN,NaN,0.6,0.046656,0.016796,0.0021768,0.016796,0.046656,0.36,0.6,NaN,NaN,NaN,NaN,NaN,NaN,0.6,0.1296,0.6,0.003628,0.1296,NaN,NaN,NaN,NaN,NaN,NaN,NaN,NaN,NaN,NaN,NaN,NaN,NaN,NaN,NaN,NaN,NaN,NaN,NaN,NaN,NaN,NaN,NaN,NaN,NaN,NaN
NaN,NaN,NaN,0.027994,0.36,NaN,NaN,NaN,0.016796,0.36,NaN,NaN,NaN,NaN,NaN,NaN,NaN,NaN,NaN,NaN,NaN,NaN,NaN,NaN,NaN,NaN,NaN,NaN,NaN,NaN,NaN,NaN,NaN,NaN,NaN,NaN,NaN,0.216,0.010078,0.010078,0.010078,0.046656,0.010078,0.027994,0.016796,0.36,NaN,NaN,NaN,NaN,NaN,NaN,NaN,NaN,0.046656,0.0060466,0.016796,0.016796,NaN,NaN,NaN,NaN,NaN,NaN,0.36,0.016796,0.046656,0.046656,NaN,NaN,NaN,NaN,NaN,NaN,NaN,NaN,NaN,NaN,NaN,0.046656,0.0060466,0.046656,NaN,NaN,NaN,NaN,NaN,NaN,NaN,NaN,NaN,NaN,NaN,NaN
NaN,NaN,0.6,NaN,NaN,NaN,NaN,NaN,NaN,NaN,NaN,NaN,NaN,NaN,NaN,NaN,NaN,NaN,NaN,NaN,NaN,NaN,NaN,NaN,NaN,NaN,NaN,NaN,NaN,NaN,NaN,NaN,NaN,NaN,NaN,NaN,NaN,NaN,NaN,NaN,NaN,NaN,NaN,NaN,NaN,0.6,0.6,NaN,NaN,0.1296,0.046656,0.00078364,0.016796,0.016796,0.00078364,6.0936e-05,0.0013061,0.36,NaN,NaN,NaN,NaN,NaN,NaN,NaN,NaN,NaN,NaN,NaN,NaN,NaN,NaN,NaN,NaN,NaN,NaN,NaN,NaN,0.0013061,0.6,0.027994,0.003628,0.1296,NaN,NaN,NaN,NaN,NaN,NaN,NaN,NaN,NaN,NaN,NaN
NaN,NaN,NaN,NaN,NaN,NaN,NaN,NaN,NaN,NaN,NaN,NaN,NaN,NaN,NaN,NaN,NaN,NaN,NaN,NaN,NaN,NaN,NaN,NaN,NaN,NaN,NaN,NaN,NaN,NaN,NaN,NaN,NaN,NaN,NaN,NaN,NaN,0.00047018,0.016796,0.0021768,1.0235e-06,0.0060466,NaN,0.010078,0.0060466,NaN,NaN,NaN,NaN,NaN,0.027994,0.6,NaN,NaN,NaN,NaN,NaN,NaN,NaN,NaN,NaN,NaN,NaN,NaN,0.016796,2.1937e-05,0.0060466,0.07776,NaN,NaN,NaN,NaN,NaN,NaN,NaN,NaN,NaN,NaN,NaN,NaN,NaN,NaN,NaN,NaN,NaN,NaN,NaN,NaN,NaN,NaN,NaN,NaN,NaN,NaN
NaN,0.1296,NaN,NaN,NaN,NaN,NaN,NaN,NaN,NaN,NaN,NaN,NaN,NaN,NaN,NaN,NaN,NaN,NaN,NaN,NaN,NaN,NaN,NaN,NaN,NaN,NaN,NaN,NaN,NaN,NaN,NaN,NaN,NaN,NaN,NaN,0.6,0.6,0.216,0.216,0.027994,0.6,NaN,NaN,NaN,NaN,NaN,NaN,NaN,0.027994,0.1296,0.0021768,0.003628,0.016796,0.1296,0.0021768,0.216,NaN,NaN,NaN,NaN,NaN,NaN,NaN,NaN,NaN,NaN,NaN,NaN,NaN,NaN,NaN,NaN,NaN,NaN,NaN,NaN,NaN,NaN,NaN,0.046656,2.1937e-05,0.016796,NaN,NaN,NaN,NaN,NaN,NaN,NaN,NaN,NaN,NaN,NaN
NaN,NaN,NaN,NaN,NaN,NaN,NaN,NaN,NaN,NaN,NaN,NaN,NaN,NaN,NaN,NaN,NaN,NaN,NaN,NaN,NaN,NaN,NaN,NaN,NaN,NaN,NaN,NaN,NaN,NaN,NaN,NaN,NaN,NaN,NaN,NaN,NaN,NaN,0.027994,0.00078364,0.216,0.36,0.216,0.027994,0.36,NaN,NaN,NaN,0.6,0.0060466,0.0013061,0.046656,0.010078,0.027994,NaN,NaN,NaN,NaN,NaN,NaN,NaN,NaN,NaN,NaN,NaN,0.36,0.36,NaN,NaN,NaN,NaN,NaN,NaN,NaN,NaN,NaN,NaN,NaN,NaN,NaN,NaN,NaN,0.6,NaN,NaN,NaN,NaN,NaN,NaN,NaN,NaN,NaN,NaN,NaN
NaN,NaN,NaN,NaN,NaN,NaN,NaN,NaN,NaN,NaN,NaN,NaN,NaN,NaN,NaN,NaN,NaN,NaN,NaN,NaN,NaN,NaN,NaN,NaN,NaN,NaN,NaN,NaN,NaN,NaN,NaN,NaN,NaN,NaN,NaN,NaN,NaN,NaN,0.07776,0.0060466,0.07776,NaN,0.36,NaN,NaN,NaN,NaN,NaN,NaN,NaN,0.36,NaN,NaN,NaN,NaN,0.016796,NaN,NaN,NaN,NaN,NaN,NaN,NaN,NaN,NaN,NaN,0.216,NaN,NaN,NaN,NaN,NaN,NaN,NaN,NaN,NaN,NaN,NaN,NaN,NaN,0.6,0.36,0.07776,NaN,NaN,NaN,NaN,NaN,NaN,NaN,NaN,NaN,NaN,NaN
NaN,NaN,NaN,NaN,NaN,NaN,NaN,NaN,NaN,NaN,NaN,NaN,NaN,NaN,NaN,NaN,NaN,NaN,NaN,NaN,NaN,NaN,NaN,NaN,NaN,NaN,NaN,NaN,NaN,NaN,NaN,NaN,NaN,NaN,NaN,NaN,NaN,NaN,NaN,NaN,NaN,NaN,0.6,NaN,NaN,NaN,NaN,NaN,NaN,0.010078,0.010078,0.027994,0.6,NaN,NaN,0.36,NaN,NaN,NaN,NaN,NaN,NaN,NaN,NaN,NaN,NaN,NaN,NaN,NaN,NaN,NaN,NaN,NaN,NaN,NaN,NaN,NaN,NaN,NaN,NaN,NaN,NaN,NaN,NaN,NaN,NaN,NaN,NaN,NaN,NaN,NaN,NaN,NaN,NaN
NaN,NaN,NaN,NaN,NaN,NaN,NaN,NaN,NaN,NaN,NaN,NaN,NaN,NaN,NaN,NaN,NaN,NaN,NaN,NaN,NaN,NaN,NaN,NaN,NaN,NaN,NaN,NaN,NaN,NaN,NaN,NaN,NaN,NaN,NaN,NaN,NaN,NaN,NaN,0.0013061,0.0060466,0.027994,0.027994,0.216,NaN,NaN,NaN,NaN,NaN,NaN,NaN,NaN,NaN,NaN,NaN,NaN,NaN,NaN,NaN,NaN,NaN,NaN,NaN,NaN,NaN,NaN,0.016796,0.046656,NaN,NaN,NaN,NaN,NaN,NaN,NaN,NaN,NaN,NaN,NaN,NaN,NaN,NaN,NaN,NaN,NaN,NaN,NaN,NaN,NaN,NaN,NaN,NaN,NaN,NaN
NaN,NaN,NaN,NaN,NaN,NaN,NaN,NaN,NaN,NaN,NaN,NaN,NaN,NaN,NaN,NaN,NaN,NaN,NaN,NaN,NaN,NaN,NaN,NaN,NaN,NaN,NaN,NaN,NaN,NaN,NaN,NaN,NaN,NaN,NaN,NaN,NaN,NaN,NaN,NaN,NaN,NaN,0.6,0.6,NaN,NaN,NaN,NaN,0.0060466,0.046656,0.1296,0.027994,NaN,NaN,NaN,NaN,NaN,NaN,NaN,NaN,NaN,NaN,NaN,NaN,NaN,NaN,NaN,NaN,NaN,NaN,NaN,NaN,NaN,NaN,NaN,NaN,NaN,NaN,NaN,NaN,NaN,NaN,NaN,NaN,NaN,NaN,NaN,NaN,NaN,NaN,NaN,NaN,NaN,NaN
NaN,NaN,NaN,NaN,NaN,NaN,NaN,NaN,NaN,NaN,NaN,NaN,NaN,NaN,NaN,NaN,NaN,NaN,NaN,NaN,NaN,NaN,NaN,NaN,NaN,NaN,NaN,NaN,NaN,NaN,NaN,NaN,NaN,NaN,NaN,NaN,NaN,NaN,0.6,1.3162e-05,0.00047018,0.00016927,0.003628,NaN,NaN,NaN,NaN,NaN,NaN,NaN,NaN,NaN,NaN,NaN,NaN,NaN,NaN,NaN,NaN,NaN,NaN,NaN,NaN,NaN,NaN,0.00047018,0.0021768,NaN,NaN,NaN,NaN,NaN,NaN,NaN,NaN,NaN,NaN,NaN,NaN,NaN,NaN,NaN,NaN,NaN,NaN,NaN,NaN,NaN,NaN,NaN,NaN,NaN,NaN,NaN
NaN,NaN,NaN,NaN,NaN,NaN,NaN,NaN,NaN,NaN,NaN,NaN,NaN,NaN,NaN,NaN,NaN,NaN,NaN,NaN,NaN,NaN,NaN,NaN,NaN,NaN,NaN,NaN,NaN,NaN,NaN,NaN,NaN,NaN,NaN,NaN,NaN,NaN,NaN,NaN,NaN,NaN,NaN,NaN,NaN,NaN,NaN,NaN,0.216,NaN,0.010078,0.36,NaN,NaN,NaN,NaN,NaN,NaN,NaN,NaN,NaN,NaN,NaN,NaN,NaN,NaN,NaN,NaN,NaN,NaN,NaN,NaN,NaN,NaN,NaN,NaN,NaN,NaN,NaN,NaN,NaN,NaN,NaN,NaN,NaN,NaN,NaN,NaN,NaN,NaN,NaN,NaN,NaN,NaN
NaN,NaN,NaN,NaN,NaN,NaN,NaN,NaN,NaN,NaN,NaN,NaN,NaN,NaN,NaN,NaN,NaN,NaN,NaN,NaN,NaN,NaN,NaN,NaN,NaN,NaN,NaN,NaN,NaN,NaN,NaN,NaN,NaN,NaN,NaN,NaN,NaN,NaN,NaN,NaN,NaN,NaN,NaN,NaN,NaN,NaN,NaN,NaN,NaN,NaN,NaN,NaN,NaN,NaN,NaN,NaN,NaN,NaN,NaN,NaN,NaN,NaN,NaN,NaN,NaN,0.003628,6.0936e-05,NaN,NaN,NaN,NaN,NaN,NaN,NaN,NaN,NaN,NaN,NaN,NaN,NaN,NaN,NaN,NaN,NaN,NaN,NaN,NaN,NaN,NaN,NaN,NaN,NaN,NaN,NaN
NaN,NaN,NaN,NaN,NaN,NaN,NaN,NaN,NaN,NaN,NaN,NaN,NaN,NaN,NaN,NaN,NaN,NaN,NaN,NaN,NaN,NaN,NaN,NaN,NaN,NaN,NaN,NaN,NaN,NaN,NaN,NaN,NaN,NaN,NaN,NaN,NaN,NaN,NaN,NaN,NaN,NaN,NaN,NaN,NaN,NaN,NaN,NaN,NaN,NaN,0.36,NaN,NaN,NaN,NaN,NaN,NaN,NaN,NaN,NaN,NaN,NaN,NaN,NaN,NaN,NaN,NaN,NaN,NaN,NaN,NaN,NaN,NaN,NaN,NaN,NaN,NaN,NaN,NaN,NaN,NaN,NaN,NaN,NaN,NaN,NaN,NaN,NaN,NaN,NaN,NaN,NaN,NaN,NaN
NaN,NaN,NaN,NaN,NaN,NaN,NaN,NaN,NaN,NaN,NaN,NaN,NaN,NaN,NaN,NaN,NaN,NaN,NaN,NaN,NaN,NaN,NaN,NaN,NaN,NaN,NaN,NaN,NaN,NaN,NaN,NaN,NaN,NaN,NaN,NaN,NaN,NaN,NaN,NaN,NaN,NaN,NaN,NaN,NaN,NaN,NaN,NaN,NaN,NaN,NaN,NaN,NaN,NaN,NaN,NaN,NaN,NaN,NaN,NaN,NaN,NaN,NaN,NaN,NaN,NaN,0.36,NaN,NaN,NaN,NaN,NaN,NaN,NaN,NaN,NaN,NaN,NaN,NaN,NaN,NaN,NaN,NaN,NaN,NaN,NaN,NaN,NaN,NaN,NaN,NaN,NaN,NaN,NaN
NaN,NaN,NaN,NaN,NaN,NaN,NaN,NaN,NaN,NaN,NaN,NaN,NaN,NaN,NaN,NaN,NaN,NaN,NaN,NaN,NaN,NaN,NaN,NaN,NaN,NaN,NaN,NaN,NaN,NaN,NaN,NaN,NaN,NaN,NaN,NaN,NaN,NaN,NaN,NaN,NaN,NaN,NaN,NaN,NaN,NaN,NaN,NaN,NaN,0.216,NaN,NaN,NaN,NaN,NaN,NaN,NaN,NaN,NaN,NaN,NaN,NaN,NaN,NaN,NaN,NaN,NaN,NaN,NaN,NaN,NaN,NaN,NaN,NaN,NaN,NaN,NaN,NaN,NaN,NaN,NaN,NaN,NaN,NaN,NaN,NaN,NaN,NaN,NaN,NaN,NaN,NaN,NaN,NaN
NaN,NaN,NaN,NaN,NaN,NaN,NaN,NaN,NaN,NaN,NaN,NaN,NaN,NaN,NaN,NaN,NaN,NaN,NaN,NaN,NaN,NaN,NaN,NaN,NaN,NaN,NaN,NaN,NaN,NaN,NaN,NaN,NaN,NaN,NaN,NaN,NaN,NaN,NaN,NaN,NaN,NaN,NaN,NaN,NaN,NaN,NaN,NaN,NaN,NaN,NaN,NaN,NaN,NaN,NaN,NaN,NaN,NaN,NaN,NaN,NaN,NaN,NaN,NaN,NaN,NaN,NaN,NaN,NaN,NaN,NaN,NaN,NaN,NaN,NaN,NaN,NaN,NaN,NaN,NaN,NaN,NaN,NaN,NaN,NaN,NaN,NaN,NaN,NaN,NaN,NaN,NaN,NaN,NaN
NaN,NaN,NaN,NaN,NaN,NaN,NaN,NaN,NaN,NaN,NaN,NaN,NaN,NaN,NaN,NaN,NaN,NaN,NaN,NaN,NaN,NaN,NaN,NaN,NaN,NaN,NaN,NaN,NaN,NaN,NaN,NaN,NaN,NaN,NaN,NaN,NaN,NaN,NaN,NaN,NaN,NaN,NaN,NaN,NaN,NaN,NaN,NaN,NaN,0.027994,0.216,NaN,NaN,NaN,NaN,NaN,NaN,NaN,NaN,NaN,NaN,NaN,NaN,NaN,NaN,NaN,NaN,NaN,NaN,NaN,NaN,NaN,NaN,NaN,NaN,NaN,NaN,NaN,NaN,NaN,NaN,NaN,NaN,NaN,NaN,NaN,NaN,NaN,NaN,NaN,NaN,NaN,NaN,NaN
NaN,NaN,NaN,NaN,NaN,NaN,NaN,NaN,NaN,NaN,NaN,NaN,NaN,NaN,NaN,NaN,NaN,NaN,NaN,NaN,NaN,NaN,NaN,NaN,NaN,NaN,NaN,NaN,NaN,NaN,NaN,NaN,NaN,NaN,NaN,NaN,NaN,NaN,NaN,NaN,NaN,NaN,NaN,NaN,NaN,NaN,NaN,NaN,NaN,NaN,NaN,NaN,NaN,NaN,NaN,NaN,NaN,NaN,NaN,NaN,NaN,NaN,NaN,NaN,NaN,NaN,NaN,NaN,NaN,NaN,NaN,NaN,NaN,NaN,NaN,NaN,NaN,NaN,NaN,NaN,NaN,NaN,NaN,NaN,NaN,NaN,NaN,NaN,NaN,NaN,NaN,NaN,NaN,NaN
NaN,NaN,NaN,NaN,NaN,NaN,NaN,NaN,NaN,NaN,NaN,NaN,NaN,NaN,NaN,NaN,NaN,NaN,NaN,NaN,NaN,NaN,NaN,NaN,NaN,NaN,NaN,NaN,NaN,NaN,NaN,NaN,NaN,NaN,NaN,NaN,NaN,NaN,NaN,NaN,NaN,NaN,NaN,NaN,NaN,NaN,NaN,NaN,NaN,0.36,NaN,NaN,NaN,NaN,NaN,NaN,NaN,NaN,NaN,NaN,NaN,NaN,NaN,NaN,NaN,NaN,NaN,NaN,NaN,NaN,NaN,NaN,NaN,NaN,NaN,NaN,NaN,NaN,NaN,NaN,NaN,NaN,NaN,NaN,NaN,NaN,NaN,NaN,NaN,NaN,NaN,NaN,NaN,NaN
NaN,NaN,NaN,NaN,NaN,NaN,NaN,NaN,NaN,NaN,NaN,NaN,NaN,NaN,NaN,NaN,NaN,NaN,NaN,NaN,NaN,NaN,NaN,NaN,NaN,NaN,NaN,NaN,NaN,NaN,NaN,NaN,NaN,NaN,NaN,NaN,NaN,NaN,NaN,NaN,NaN,NaN,NaN,NaN,NaN,NaN,NaN,NaN,NaN,NaN,NaN,NaN,NaN,NaN,NaN,NaN,NaN,NaN,NaN,NaN,NaN,NaN,NaN,NaN,NaN,NaN,NaN,NaN,NaN,NaN,NaN,NaN,NaN,NaN,NaN,NaN,NaN,NaN,NaN,NaN,NaN,NaN,NaN,NaN,NaN,NaN,NaN,NaN,NaN,NaN,NaN,NaN,NaN,NaN
