NaN,NaN,NaN,NaN,NaN,NaN,NaN,NaN,NaN,NaN,NaN,NaN,NaN,NaN,NaN,NaN,NaN,NaN,NaN,NaN,NaN,NaN,NaN,NaN,NaN,NaN,NaN,NaN,NaN,NaN,NaN,NaN,NaN,NaN,NaN,NaN,NaN,NaN,NaN,NaN,NaN,NaN,NaN,NaN,NaN,NaN,NaN,NaN,NaN,NaN,NaN,NaN,NaN,NaN,NaN,NaN,NaN,NaN,NaN,NaN,NaN,NaN,NaN,NaN,NaN,NaN,NaN,NaN,NaN,NaN,NaN,NaN,0.39523,0.99735,1,NaN,NaN,NaN,NaN,NaN,NaN,NaN,NaN,NaN,NaN,NaN,NaN,NaN,NaN,NaN,NaN
NaN,NaN,NaN,NaN,NaN,NaN,NaN,NaN,NaN,NaN,NaN,NaN,NaN,NaN,NaN,NaN,NaN,NaN,NaN,NaN,NaN,NaN,NaN,NaN,NaN,NaN,NaN,NaN,NaN,NaN,NaN,NaN,NaN,NaN,NaN,NaN,NaN,NaN,NaN,NaN,NaN,NaN,NaN,NaN,NaN,NaN,NaN,NaN,NaN,NaN,NaN,NaN,NaN,NaN,NaN,NaN,NaN,NaN,NaN,NaN,NaN,NaN,NaN,NaN,NaN,0.79289,0.92556,NaN,0.18234,0.39523,0.3658,0.0982,0.30148,0.91391,0.31337,0.85666,NaN,NaN,NaN,NaN,NaN,NaN,NaN,NaN,NaN,NaN,NaN,NaN,NaN,NaN,NaN
NaN,NaN,NaN,NaN,NaN,NaN,NaN,NaN,NaN,NaN,NaN,NaN,NaN,NaN,NaN,NaN,NaN,NaN,NaN,NaN,NaN,NaN,NaN,NaN,NaN,NaN,NaN,NaN,NaN,NaN,NaN,NaN,NaN,NaN,NaN,NaN,NaN,NaN,NaN,NaN,NaN,NaN,NaN,NaN,NaN,NaN,NaN,NaN,NaN,NaN,NaN,NaN,NaN,0.27904,1,NaN,0.44385,0.70602,0.65346,0.82416,0.82416,0.41081,0.39523,0.1562,0.79289,0.23904,0.074907,0.074907,0.0982,0.0070768,0.040342,0.23484,0.0060624,0.014197,0.024399,0.18953,NaN,NaN,NaN,NaN,NaN,NaN,NaN,NaN,NaN,NaN,NaN,NaN,NaN,NaN,NaN
NaN,NaN,NaN,NaN,NaN,NaN,NaN,NaN,NaN,NaN,NaN,NaN,NaN,NaN,NaN,NaN,NaN,NaN,0.92556,1,NaN,NaN,NaN,NaN,NaN,NaN,NaN,NaN,NaN,NaN,NaN,NaN,NaN,0.85666,0.27904,0.7628,0.9983,0.99904,0.85666,0.92556,0.79289,0.23904,0.3658,NaN,0.41081,0.62867,0.20477,0.65346,0.60482,0.18234,0.22997,0.017226,0.074907,0.06417,1,1,0.12874,0.045305,0.024399,0.015944,0.05088,0.043586,0.14457,0.048949,0.074907,0.023474,0.12874,0.048949,0.22997,0.013659,0.077861,0.012642,0.059393,0.13909,0.15028,0.029605,0.60482,NaN,NaN,NaN,NaN,NaN,NaN,NaN,NaN,NaN,NaN,NaN,NaN,NaN,NaN
NaN,NaN,NaN,NaN,NaN,NaN,NaN,NaN,NaN,NaN,NaN,NaN,NaN,NaN,NaN,NaN,NaN,NaN,0.094474,0.017906,0.11463,0.29004,0.26845,0.11028,0.18234,0.27904,0.16877,0.05714,0.12385,0.069331,0.14457,0.048949,0.047092,0.052886,0.36195,1,1,0.34094,0.11463,0.09089,0.01083,0.017226,0.074907,0.0048068,0.0079475,0.027401,0.027401,0.013659,0.0068083,0.035922,0.013659,0.19701,0.077861,0.99887,1,1,0.1625,0.0096432,0.0096432,0.11463,0.0042802,0.061735,0.029605,0.040342,0.027401,0.020902,0.12385,0.0053982,0.027401,0.016573,0.048949,0.11915,0.040342,0.077861,0.014197,0.018612,0.040342,NaN,NaN,NaN,NaN,NaN,NaN,NaN,NaN,NaN,NaN,NaN,NaN,NaN,NaN
NaN,NaN,NaN,NaN,NaN,NaN,NaN,NaN,NaN,NaN,NaN,NaN,NaN,NaN,NaN,NaN,NaN,0.92556,0.030773,0.038811,0.029605,0.037339,0.18953,0.20477,0.023474,0.11463,0.040342,0.11463,0.040342,0.069331,0.05088,0.20477,0.037339,0.25826,1,1,1,0.077861,0.059393,0.015339,0.16877,0.029605,0.024399,0.11463,0.0982,0.024399,0.037339,0.034559,0.038811,0.024399,0.06417,0.077861,0.026362,0.9994,1,1,0.11915,0.040342,0.11028,0.018612,0.074907,0.021726,0.016573,0.010419,0.034559,0.012162,0.00655,0.0058324,0.13381,0.080932,0.034559,0.3244,0.043586,0.18234,0.031986,0.15028,0.18234,0.55979,NaN,NaN,NaN,NaN,NaN,NaN,NaN,NaN,NaN,NaN,NaN,NaN,NaN
NaN,NaN,NaN,NaN,NaN,NaN,NaN,NaN,NaN,NaN,NaN,NaN,NaN,NaN,NaN,NaN,NaN,0.18953,0.048949,0.066701,0.013659,0.01083,0.0032649,0.0096432,0.029605,0.011257,0.010419,0.030773,0.0027969,0.0039616,0.0079475,0.035922,0.033248,0.06417,0.99999,NaN,0.83544,0.0056111,0.038811,0.05714,0.048949,0.094474,0.014757,0.059393,0.052886,0.045305,0.061735,0.035922,0.028482,0.11028,0.059393,0.0048068,0.017906,0.041933,1,NaN,0.30148,0.080932,0.066701,0.047092,0.072065,0.069331,0.17542,0.025362,0.038811,0.05088,0.037339,0.061735,0.0982,0.30148,0.059393,0.20477,0.030773,0.88412,0.025362,0.015944,0.011701,0.01083,NaN,NaN,NaN,NaN,NaN,NaN,NaN,NaN,NaN,NaN,NaN,NaN,NaN
NaN,NaN,NaN,NaN,NaN,NaN,NaN,NaN,NaN,NaN,NaN,NaN,NaN,NaN,NaN,NaN,0.70602,0.027401,0.017906,0.048949,0.080932,0.16877,0.16236,0.3658,0.13381,0.072065,0.18234,0.31337,0.35192,0.26845,0.15028,0.05714,0.05714,0.21285,NaN,NaN,0.33857,0.072065,0.0068083,0.041933,0.045305,0.061735,0.11915,0.022583,0.11028,0.041933,0.025362,0.15028,0.077861,0.024399,0.069331,0.080932,0.037339,0.13381,0.46136,NaN,0.1061,0.059393,0.045305,0.020902,0.069331,0.12874,0.014757,0.06417,0.094474,0.05714,0.18234,0.30148,0.65346,0.027401,0.17542,0.020109,0.09089,0.15028,0.059393,0.015944,0.16877,0.30148,0.31337,NaN,NaN,NaN,NaN,NaN,NaN,NaN,NaN,NaN,NaN,NaN,NaN
NaN,NaN,NaN,NaN,NaN,NaN,NaN,NaN,NaN,NaN,NaN,NaN,NaN,NaN,NaN,NaN,0.32573,0.17542,0.29004,0.1562,0.048949,0.031986,0.01314,0.028482,0.033248,0.014197,0.047092,0.038811,0.19701,0.035922,0.016573,0.13381,0.054972,0.30148,NaN,0.7628,0.21285,0.26845,0.14457,0.061735,0.061735,0.054972,0.0982,0.24847,0.0089254,0.025362,0.21285,0.028482,0.26845,0.11915,0.034559,0.084124,0.24847,0.077861,0.47955,NaN,0.05088,0.072065,0.20477,0.12874,0.27904,0.05714,0.1061,0.11028,0.029605,0.0982,0.061735,0.012162,0.038811,0.066701,0.021726,0.022583,0.19701,0.35192,0.054972,0.22997,0.031986,0.011701,0.029605,NaN,NaN,NaN,NaN,NaN,NaN,NaN,NaN,NaN,NaN,NaN,NaN
NaN,NaN,NaN,NaN,NaN,NaN,NaN,NaN,NaN,NaN,NaN,NaN,NaN,NaN,NaN,0.55979,0.048949,0.072065,0.00655,0.12385,0.1061,0.18234,0.11463,0.037339,0.16236,0.074907,0.18234,0.017226,0.028482,0.20477,0.19701,0.038811,0.066701,0.70602,NaN,0.24847,0.087441,0.020902,0.084124,0.047092,0.10207,0.11915,0.030773,0.020109,0.11463,0.11028,0.028482,0.045305,0.026362,0.087441,0.072065,0.087441,0.027401,0.15028,0.46136,NaN,0.084124,0.021726,0.01083,0.0982,0.014757,0.0089254,0.059393,0.041933,0.018612,0.047092,0.24847,0.040342,0.23904,0.0982,0.087441,0.084124,0.027401,0.16877,0.069331,0.031986,0.1562,0.16236,0.18953,0.30148,NaN,NaN,NaN,NaN,NaN,NaN,NaN,NaN,NaN,NaN,NaN
NaN,NaN,NaN,NaN,NaN,NaN,NaN,NaN,NaN,NaN,NaN,NaN,NaN,NaN,NaN,0.16236,0.18953,0.30148,0.12385,0.031986,0.025362,0.074907,0.094474,0.09089,0.35192,0.12385,0.15028,0.1562,0.080932,0.024399,0.15028,0.1562,0.052886,0.92556,0.82416,0.32573,0.26845,0.16877,0.19701,0.42701,0.13381,0.10207,0.19701,0.17542,0.21285,0.0982,0.23904,0.029605,0.12385,0.16236,0.05088,0.12385,0.22124,0.23904,0.16877,0.7628,0.047092,0.13381,0.30148,0.038811,0.44385,0.38023,0.084124,0.094474,0.27904,0.12385,0.054972,0.17542,0.034559,0.061735,0.06417,0.040342,0.10207,0.066701,0.11915,0.11463,0.035922,0.14457,0.33857,0.42701,NaN,NaN,NaN,NaN,NaN,NaN,NaN,NaN,NaN,NaN,NaN
NaN,NaN,NaN,NaN,NaN,NaN,NaN,NaN,NaN,NaN,NaN,NaN,NaN,NaN,NaN,0.033248,0.041933,0.18234,0.13909,0.066701,0.087441,0.15028,0.052886,0.022583,0.19701,0.22124,0.030773,0.32573,0.25826,0.27904,0.045305,0.18953,0.35192,NaN,0.18234,0.045305,0.035922,0.11915,0.059393,0.026362,0.045305,0.12385,0.12874,0.0982,0.19701,0.20477,0.069331,0.38023,0.035922,0.034559,0.026362,0.11463,0.061735,0.019346,0.09089,0.13381,0.51812,0.19701,0.11463,0.066701,0.072065,0.038811,0.12874,0.11028,0.033248,0.0982,0.22997,0.12385,0.19701,0.31337,0.021726,0.033248,0.010419,0.034559,0.12874,0.015944,0.041933,0.18953,0.09089,0.15028,0.65346,NaN,NaN,NaN,NaN,NaN,NaN,NaN,NaN,NaN,NaN
NaN,NaN,NaN,NaN,NaN,NaN,NaN,NaN,NaN,NaN,NaN,NaN,NaN,NaN,0.30148,0.05088,0.023474,0.031986,0.018612,0.059393,0.084124,0.1061,0.10207,0.11028,0.030773,0.037339,0.066701,0.020109,0.025362,0.038811,0.066701,0.026362,0.074907,0.89044,0.066701,0.05088,0.028482,0.048949,0.040342,0.09089,0.05714,0.045305,0.024399,0.022583,0.014197,0.017906,0.027401,0.027401,0.12385,0.069331,0.1061,0.0982,0.10207,0.11463,0.025362,0.059393,0.35192,0.25826,0.06417,0.077861,0.13381,0.11915,0.06417,0.30148,0.012642,0.11463,0.09089,0.040342,0.38023,0.51812,0.023474,0.054972,0.32573,0.51812,0.16877,0.035922,0.17542,0.30148,0.054972,0.059393,0.041933,0.82416,NaN,NaN,NaN,NaN,NaN,NaN,NaN,NaN,NaN
NaN,NaN,NaN,NaN,NaN,NaN,NaN,NaN,NaN,NaN,NaN,NaN,NaN,0.73386,0.24847,0.44385,0.32573,0.10207,0.44385,0.11463,0.029605,0.21285,0.047092,0.084124,0.06417,0.077861,0.13909,0.1061,0.38023,0.17542,0.32573,0.14457,0.67923,0.26845,0.44385,0.3658,0.31337,0.53855,0.58187,0.33857,0.30148,0.18953,0.35192,0.094474,0.22997,0.18234,0.39523,0.1562,0.077861,0.46136,0.31337,0.27904,0.077861,0.11028,0.16236,0.24847,0.23904,0.029605,0.17542,0.080932,0.080932,0.27904,0.066701,0.12385,0.1061,0.3658,0.21285,0.55979,0.084124,0.011257,0.031986,0.30148,0.82416,0.82416,0.09089,0.27904,0.33857,0.55979,0.47955,0.38023,0.0982,0.33857,NaN,NaN,NaN,NaN,NaN,NaN,NaN,NaN,NaN
NaN,NaN,NaN,NaN,NaN,NaN,NaN,NaN,NaN,NaN,NaN,NaN,NaN,0.29004,0.13381,0.25826,0.18953,0.059393,0.26845,0.17542,0.094474,0.22997,0.16877,0.23904,0.30148,0.16236,0.17542,0.087441,0.19701,0.22124,0.22997,0.22124,0.11028,0.1562,0.066701,0.31337,0.037339,0.037339,0.10207,0.066701,0.031986,0.29004,0.23904,0.27904,0.22124,0.24847,0.077861,0.29004,0.13909,0.045305,0.22124,0.11915,0.32573,0.22124,0.33857,0.19701,0.23904,0.077861,0.46136,0.30148,0.074907,0.054972,0.27904,0.015339,0.16236,0.20477,0.16877,0.074907,0.041933,0.05714,0.069331,0.32573,0.037339,0.023474,0.015944,0.028482,0.059393,0.17542,0.038811,0.033248,0.10207,0.1562,NaN,NaN,NaN,NaN,NaN,NaN,NaN,NaN,NaN
NaN,NaN,NaN,NaN,NaN,NaN,NaN,NaN,NaN,NaN,NaN,NaN,0.67923,0.080932,0.087441,0.072065,0.12874,0.052886,0.1061,0.1061,0.13909,0.20477,0.1562,0.080932,0.33857,0.23904,0.084124,0.10207,0.022583,0.05088,0.11915,0.11028,0.06417,0.041933,0.072065,0.05088,0.32573,0.16236,0.038811,0.13381,0.32573,0.031986,0.031986,0.19701,0.18953,0.20477,0.094474,0.13909,0.3658,0.09089,0.1562,0.10207,0.16877,0.14457,0.29004,0.15028,0.20477,0.17542,0.10207,0.20477,0.26845,0.26845,0.3658,0.22124,0.3658,0.066701,0.072065,0.028482,0.066701,0.11463,0.3658,0.14457,0.077861,0.26845,0.29004,0.41081,0.17542,0.1061,0.23904,0.23904,0.19701,0.41081,0.58187,NaN,NaN,NaN,NaN,NaN,NaN,NaN,NaN
NaN,NaN,NaN,NaN,NaN,NaN,NaN,NaN,NaN,NaN,NaN,NaN,0.51812,0.21285,0.42701,0.077861,0.32573,0.12874,0.25826,0.41081,0.29004,0.32573,0.26845,0.22997,0.1061,0.094474,0.33857,0.31337,0.20477,0.0982,0.19701,0.1562,0.069331,0.12874,0.1562,0.11028,0.069331,0.069331,0.13381,0.41081,0.12385,0.072065,0.12874,0.22997,0.14457,0.13909,0.19701,0.33857,0.20477,0.12385,0.10207,0.13381,0.26845,0.29004,0.13909,0.1562,0.084124,0.11463,0.11463,0.027401,0.06417,0.05714,0.38023,0.53855,0.3658,0.1061,0.24847,0.14457,0.58187,0.13909,0.12385,0.20477,0.080932,0.14457,0.42701,0.23904,0.65346,0.62867,0.11915,0.99721,0.49846,0.27904,0.3658,0.82416,NaN,NaN,NaN,NaN,NaN,NaN,NaN
NaN,NaN,NaN,NaN,NaN,NaN,NaN,NaN,NaN,NaN,NaN,NaN,0.35192,0.080932,0.11463,0.41081,0.24847,0.17542,0.12874,0.27904,0.041933,0.09089,0.05714,0.0982,0.17542,0.11028,0.22124,0.11463,0.072065,0.080932,0.030773,0.25826,0.18234,0.12385,0.11028,0.054972,0.1061,0.18234,0.048949,0.020109,0.10207,0.22124,0.13909,0.22997,0.22124,0.16236,0.038811,0.029605,0.16877,0.18953,0.1562,0.072065,0.027401,0.015944,0.054972,0.094474,0.16877,0.3658,0.58187,0.22124,0.26845,0.98971,0.020109,0.069331,0.031986,0.22124,0.25826,0.15028,0.3658,0.24847,0.26845,0.16877,0.27904,0.24847,0.072065,0.13909,0.47955,0.26845,0.020902,0.14457,0.19701,0.0982,0.077861,0.12874,NaN,NaN,NaN,NaN,NaN,NaN,NaN
NaN,NaN,NaN,NaN,NaN,NaN,NaN,NaN,NaN,NaN,NaN,0.3658,0.16877,0.11028,0.22124,0.15028,0.16877,0.1061,0.09089,0.18953,0.12385,0.1061,0.05088,0.15028,0.21285,0.061735,0.20477,0.14457,0.1562,0.22997,0.16236,0.23904,0.066701,0.077861,0.20477,0.14457,0.045305,0.069331,0.072065,0.11028,0.074907,0.09089,0.16236,0.019346,0.061735,0.1061,0.23904,0.18953,0.034559,0.018612,0.1562,0.23904,0.18953,0.18234,0.3658,0.33857,0.11463,0.094474,0.072065,0.17542,0.20477,0.12874,0.49846,0.19701,0.29004,0.33857,0.061735,0.061735,0.49846,0.048949,0.30148,0.09089,0.011257,0.29004,0.41081,0.072065,0.24847,0.0085867,0.20477,0.24847,0.084124,0.06417,0.12874,0.12385,0.44385,NaN,NaN,NaN,NaN,NaN,NaN
NaN,NaN,NaN,NaN,NaN,NaN,NaN,NaN,NaN,NaN,NaN,0.084124,0.30148,0.12874,0.09089,0.21285,0.26845,0.3658,0.059393,0.18953,0.35192,0.22124,0.39523,0.18953,0.031986,0.13381,0.46136,0.27904,0.42701,0.49846,0.21285,0.037339,0.31337,0.048949,0.11915,0.25826,0.21285,0.3658,0.30148,0.30148,0.23904,0.069331,0.18234,0.31337,0.25826,0.27904,0.73386,0.42701,0.069331,0.25826,0.19701,0.080932,0.18234,0.67923,0.32573,0.11915,0.31337,0.15028,0.028482,0.1061,0.087441,0.17542,0.38023,0.11463,0.65346,0.05714,0.39523,0.58187,0.44385,0.048949,0.35192,0.18234,0.061735,0.32573,0.27904,0.25826,0.084124,0.19701,0.51812,0.85666,0.18234,0.41081,0.46136,0.21285,0.99956,NaN,NaN,NaN,NaN,NaN,NaN
NaN,NaN,NaN,NaN,NaN,NaN,NaN,NaN,NaN,NaN,0.70602,0.069331,0.21285,0.22124,0.084124,0.62867,0.13381,0.20477,0.51812,0.41081,0.33857,0.12385,0.048949,0.35192,0.31337,0.24847,0.35192,0.16236,0.087441,0.58187,0.35192,0.51812,0.17542,0.31337,0.33857,0.62867,0.22997,0.44385,0.38023,0.13909,0.27904,0.35192,0.16236,0.23904,0.32573,0.087441,0.16236,0.47955,0.46136,0.67923,0.67923,0.39523,0.60482,0.55979,0.42701,0.077861,0.53855,0.3658,0.44385,0.39523,0.21285,0.29004,0.24847,0.33857,0.15028,0.21285,0.30148,0.60482,0.42701,0.23904,0.22124,0.55979,0.30148,0.65346,0.13909,0.39523,0.33857,0.26845,0.58187,0.51812,0.29004,0.26845,0.49846,0.27904,0.38023,0.79289,NaN,NaN,NaN,NaN,NaN
NaN,NaN,NaN,NaN,NaN,NaN,NaN,NaN,NaN,0.79289,0.20477,0.46136,0.17542,0.67923,0.066701,0.15028,0.06417,0.09089,0.066701,0.084124,0.18234,0.38023,0.26845,0.33857,0.35192,0.22997,0.19701,0.22997,0.14457,0.077861,0.12874,0.42701,0.31337,0.13381,0.46136,0.047092,0.13381,0.28325,0.23038,0.35192,0.27904,0.49846,0.3658,0.16877,0.16236,0.24847,0.084124,0.18953,0.33857,0.30148,0.25826,0.41081,0.27904,0.25826,0.16236,0.46136,0.11028,0.20477,0.47955,0.3658,0.67923,0.51812,0.22997,0.3658,0.22124,0.46136,0.33857,0.13909,0.15028,0.22997,0.27904,0.066701,0.39523,0.35192,0.11915,0.20477,0.24847,0.15028,0.57029,0.11915,0.09089,0.13381,0.045305,0.15028,0.26845,0.18953,NaN,NaN,NaN,NaN,NaN
NaN,NaN,NaN,NaN,NaN,NaN,NaN,NaN,NaN,0.65346,0.30148,0.27904,0.62867,0.16236,0.077861,0.18234,0.13909,0.066701,0.066701,0.1061,0.30148,0.18953,0.46136,0.18234,0.066701,0.1061,0.21285,0.22997,0.17542,0.087441,0.0982,0.10207,0.06417,0.11028,0.069331,1,1,0.27904,0.38023,0.35192,0.53855,0.38023,0.41081,0.41081,0.10207,0.21285,0.21285,0.11915,0.21285,0.39523,0.1562,0.3658,0.23904,0.043586,0.11915,0.33857,0.16236,0.15028,0.46136,0.10207,0.0982,0.26845,0.074907,0.072065,0.19701,0.33857,0.51812,0.13381,0.20477,0.18953,0.22997,0.084124,0.22997,0.22124,0.12874,0.96334,0.05714,0.30148,0.24847,0.21285,0.6112,0.19701,0.47955,0.038811,0.99972,0.41884,0.51812,NaN,NaN,NaN,NaN
NaN,NaN,NaN,NaN,NaN,NaN,NaN,NaN,0.89044,0.87231,0.11028,0.44385,0.22124,0.46136,0.49185,0.49846,0.73386,0.33857,0.7628,0.10207,0.087441,0.29004,0.33857,0.44385,0.58187,0.21285,0.39523,0.22997,0.21285,0.16236,0.42701,0.33857,0.65346,0.42701,0.99987,1,0.99956,0.3658,0.55979,0.25826,0.46136,0.44385,0.13381,0.21285,0.3658,0.18953,0.55979,0.44385,0.65346,0.51812,0.60482,0.49846,0.65346,0.44385,0.1061,0.037339,0.38023,0.47955,0.1562,0.27904,0.7628,0.25826,0.18234,0.27904,0.19701,0.077861,0.44385,0.49846,0.58187,0.11915,0.44385,0.31337,0.29004,0.27904,0.41081,0.13909,0.39523,0.12874,0.47955,0.89613,0.99964,0.35192,0.49846,0.73386,0.22997,0.19701,0.67923,NaN,NaN,NaN,NaN
NaN,NaN,NaN,NaN,NaN,NaN,NaN,NaN,0.51812,0.3658,0.11028,0.069331,0.65346,0.47955,0.26845,0.22124,0.65346,0.7628,0.30148,0.44385,0.29004,0.26845,0.35192,0.79289,0.46136,0.53855,0.53855,0.27904,0.55979,0.51812,0.12874,0.41081,0.60482,0.92618,0.89044,0.97508,NaN,0.65346,0.072065,0.074907,0.072065,0.19701,0.41081,0.38023,0.38023,0.44385,0.53855,0.20477,0.60482,0.39523,0.46136,0.059393,0.06417,0.44385,0.19701,0.60482,0.094474,0.16877,0.061735,0.16236,0.22124,0.11463,0.10207,0.087441,0.12385,0.069331,0.31337,0.30148,0.99993,0.16236,0.17542,0.33857,0.19701,0.1562,0.072065,0.13381,0.26845,0.31337,0.46136,0.41081,0.22124,0.39523,0.21285,1,0.94509,0.30148,0.38023,NaN,NaN,NaN,NaN
NaN,NaN,NaN,NaN,NaN,NaN,NaN,0.96206,0.33857,0.27904,0.21285,0.16236,0.39523,0.31337,0.33857,0.44385,0.19701,0.11915,0.29004,0.62867,0.22124,0.061735,0.17542,0.21285,0.16236,0.18234,0.27904,0.39523,0.46136,0.13381,0.31337,0.074907,0.20477,0.65346,0.60482,NaN,0.82416,0.074907,0.24847,0.18234,0.38023,0.16236,0.11915,0.24847,0.30148,0.29004,0.12874,0.06417,0.080932,0.12385,0.074907,0.29004,0.19701,0.069331,0.39523,0.53855,0.33857,0.22997,0.26845,0.12385,0.35192,0.17542,0.3658,0.3658,0.27904,0.29004,0.17542,0.35192,0.93252,0.61475,0.25826,0.30148,0.70602,0.49846,0.35192,1,0.99224,0.094474,0.11463,0.037339,0.21285,0.58187,0.16236,0.98754,0.94503,0.41081,0.44385,0.85666,NaN,NaN,NaN
NaN,NaN,NaN,NaN,NaN,NaN,NaN,0.67923,0.13909,0.47955,0.32573,0.47955,0.42701,0.22997,0.22124,0.3658,0.38023,0.42701,0.33857,0.38023,0.35192,0.14457,0.23904,0.27904,0.15028,0.16236,0.072065,0.084124,0.09089,0.27904,0.32573,0.3658,0.38023,0.82416,NaN,NaN,0.73386,0.42701,0.39523,0.41081,0.18234,0.12874,0.12874,0.069331,0.11028,0.1562,0.15028,0.38023,0.19701,0.072065,0.09089,0.27904,0.38023,0.16236,0.44385,0.19701,0.23904,0.25826,0.27904,0.82416,0.1061,0.069331,0.12385,0.32573,0.73386,0.70602,0.46136,0.26845,0.11028,0.10207,0.60482,0.38023,0.44385,0.20477,0.18234,1,1,1,0.066701,0.12385,0.41081,0.85666,0.42701,0.077861,0.11028,0.23904,0.99864,0.70602,NaN,NaN,NaN
NaN,NaN,NaN,NaN,NaN,NaN,NaN,0.47955,0.13381,0.53855,0.17542,0.42701,NaN,0.46136,0.35192,0.27904,0.1061,0.7628,0.24847,0.41081,0.55979,0.62867,0.33857,0.35192,0.18234,0.30148,0.20477,0.33857,0.18234,0.33857,0.31337,0.1562,0.27904,0.92556,NaN,NaN,0.47955,0.22997,0.44385,0.62867,0.41081,0.49846,0.47955,0.49846,0.60482,0.25826,0.44385,0.42701,0.46136,0.24847,0.11463,0.44385,0.32573,0.14457,0.26845,0.30148,0.35192,0.44385,0.46136,0.92556,0.42701,0.3658,0.31337,0.39523,0.96206,0.92556,0.60482,0.25826,0.020902,0.27904,0.35192,0.62867,0.67923,0.58187,0.33857,0.32573,0.70602,1,0.97508,0.49846,0.53855,0.7628,0.51812,0.55979,0.58187,0.27904,0.094474,0.98827,1,NaN,NaN
NaN,NaN,NaN,NaN,NaN,NaN,0.89044,0.35192,0.20477,0.47955,0.51812,0.46136,NaN,0.70602,0.49846,0.30148,0.3658,0.46136,0.51812,0.55979,0.47955,0.22997,0.30148,0.27904,0.31337,0.30148,0.55979,0.39523,0.49846,0.46136,0.73386,0.51812,0.67923,0.96206,NaN,NaN,0.53855,0.24847,0.39523,0.47955,0.32573,0.62867,0.70602,0.53855,0.51812,0.58187,0.44385,0.49846,0.42701,0.46136,0.55979,0.25826,0.38023,0.55979,0.51812,0.62867,0.65346,0.46136,0.65346,0.58187,0.53855,0.60482,0.53855,0.39523,0.44385,0.23904,0.41081,0.70602,0.20477,0.23904,0.65346,0.18953,0.13909,0.059393,0.18234,1,0.31337,0.99669,0.70602,0.46136,0.67923,0.67923,0.46136,0.44385,0.30148,0.85666,0.60482,0.3658,1,0.99978,NaN
NaN,NaN,NaN,NaN,NaN,NaN,0.65346,0.44385,0.0982,0.41081,0.42701,0.42701,0.51812,0.27904,0.27904,0.44385,0.33857,0.22997,0.58187,0.60482,0.25826,0.33857,0.31337,0.41081,0.7628,0.67923,0.65346,0.29004,0.33857,0.46136,0.55979,0.12385,0.99956,1,0.89044,0.17542,0.35192,0.65346,0.18953,0.22124,0.30148,0.38023,0.62867,0.67923,0.46136,0.53855,0.38023,0.44385,0.23904,0.7628,0.7628,0.38023,0.23904,0.70602,0.3658,0.55979,0.41081,0.35192,0.24847,0.15028,0.3658,0.44385,0.46136,0.70602,0.27904,0.15028,0.18234,0.99998,0.51812,0.55979,0.51812,0.16236,0.22997,0.70602,0.49846,0.9976,0.79749,0.49846,0.98616,0.97951,0.58187,0.19701,0.066701,0.44385,0.46136,0.92556,0.85666,1,1,0.99919,0.85666
NaN,NaN,NaN,NaN,NaN,0.53855,0.30148,0.26845,0.35192,0.094474,0.30148,0.25826,0.21285,0.048949,0.26845,0.13909,0.11028,0.46136,0.069331,0.12874,0.18234,0.06417,0.24847,0.22997,0.23904,0.32573,0.18953,0.27904,0.087441,0.077861,0.12874,0.27904,0.69971,0.99979,0.79289,0.061735,0.23904,0.084124,0.17542,0.23904,0.51812,0.16877,0.11463,0.79289,0.7628,0.44385,0.44385,0.24847,0.26845,0.33857,0.35192,0.55979,0.60482,0.25826,0.46136,0.47955,0.42701,0.41081,0.96206,0.49846,0.70602,0.47955,0.55979,0.73386,0.85666,0.46136,0.55979,0.99995,0.99456,0.51812,0.85666,0.38023,0.35192,0.85666,0.60482,0.65346,1,0.42701,0.18953,0.62867,1,0.29004,0.14457,0.30148,0.73386,NaN,0.96206,0.51812,1,0.86548,NaN
NaN,NaN,NaN,NaN,NaN,0.38023,0.55979,0.23904,0.39523,0.3658,0.14457,0.99698,0.35192,0.49846,0.42701,0.18953,0.18953,0.21285,0.14457,0.30148,0.32573,0.46136,0.14457,0.27904,0.24847,0.26845,0.18234,0.17542,0.26845,0.22124,0.97918,0.3658,0.62867,NaN,0.70602,0.41081,0.29004,0.41081,0.38023,0.18234,0.22997,0.23904,0.19701,0.14457,0.05088,0.15028,0.35192,0.46136,0.38023,0.16877,0.29004,0.18234,0.22124,0.33857,0.18953,0.21285,0.22124,0.29004,0.18234,0.11915,0.55979,0.19701,0.46136,0.072065,0.98754,0.22997,0.17542,0.3658,0.3658,0.51812,0.60482,0.87838,0.42701,0.080932,0.11915,0.22124,0.9532,1,0.25826,0.39523,0.9994,0.75511,0.98287,0.49846,0.65346,NaN,NaN,1,1,1,NaN
NaN,NaN,NaN,NaN,NaN,NaN,0.73386,0.24847,0.60482,0.21285,0.99964,1,0.51812,0.42701,0.82416,0.3658,0.47955,0.65346,0.65346,0.58187,0.65346,0.60482,0.18953,0.79289,0.70602,0.79289,1,1,0.92556,0.73386,0.73386,0.58187,NaN,NaN,0.99948,0.99735,0.58187,0.62867,0.46136,0.39523,0.47955,0.33857,0.67923,0.31337,0.62867,0.60482,0.29004,0.17542,0.58187,0.53855,0.51812,0.46136,0.58187,0.30148,0.60482,0.62867,0.32573,0.62867,0.1061,0.49846,0.65346,0.39523,0.23904,0.18953,1,0.60482,0.62867,0.62867,0.31337,0.23904,0.94641,0.99071,0.65346,0.46136,0.38023,0.55979,0.9647,1,0.27904,0.3658,0.42701,0.55979,0.58187,0.32573,0.67923,NaN,NaN,NaN,0.99983,0.81144,NaN
NaN,NaN,NaN,NaN,NaN,NaN,0.96206,0.60482,0.70602,0.62867,0.90393,0.33857,0.79289,0.96206,0.53855,0.53855,0.89044,0.58187,0.46136,0.79289,NaN,0.53855,0.30148,0.58187,0.46136,0.42701,0.99998,0.7628,0.58187,0.47955,0.65346,0.92058,0.51812,0.96206,0.46136,NaN,0.82416,0.32573,0.51812,0.79289,0.49846,0.7628,0.49846,0.35192,0.55979,0.65346,0.32573,0.39523,0.32573,0.21285,0.20477,0.16877,0.094474,0.31337,0.46136,0.22997,0.30148,0.47955,0.32573,0.55979,0.10207,0.16236,0.78344,0.93092,1,1,1,0.99735,NaN,0.49846,0.92709,0.46136,0.70602,0.3658,0.65346,NaN,0.42701,0.98548,0.65346,0.70602,0.82416,0.96206,0.82416,0.55979,0.82416,0.79289,NaN,NaN,0.86548,0.31337,NaN
NaN,NaN,NaN,NaN,NaN,0.67923,0.67923,0.58187,NaN,0.3658,0.99284,0.73386,0.44385,0.98412,0.60482,0.73386,0.49846,0.65346,0.41081,0.55979,0.3658,0.58187,0.42701,0.44385,0.23904,0.51812,0.96206,0.89163,0.12874,0.19701,0.68418,0.65346,0.85666,0.96206,0.62867,0.7628,0.39523,0.38023,0.44385,0.41081,0.58187,0.38023,0.79289,NaN,0.73386,0.44385,0.79289,0.70602,0.85666,0.79289,0.92556,0.85666,0.89044,0.89044,0.33857,0.30148,0.67923,0.44385,0.96206,0.65346,0.47955,0.31337,0.65346,0.20477,0.41081,0.98667,0.89044,0.47955,0.96206,NaN,0.73386,0.62867,0.85666,0.96206,NaN,NaN,0.89044,0.73386,0.85666,0.70602,0.82416,0.7628,0.79289,0.53855,NaN,NaN,0.67923,NaN,0.55979,0.38023,0.96206
NaN,NaN,NaN,NaN,0.60482,0.47955,0.97416,0.99972,0.0982,0.85666,0.58187,0.21285,0.91148,0.92584,0.17542,0.069331,0.23904,0.42701,0.1562,0.22997,0.42701,0.55979,0.42701,0.19701,0.29004,0.41081,0.51812,0.30148,0.22124,0.44385,0.41081,0.47955,0.82416,0.51812,0.38023,0.17542,0.47955,0.38023,0.32573,0.46136,0.22124,0.46136,0.13909,0.20477,0.38023,0.26845,0.44385,0.11915,0.084124,0.35192,0.73386,0.26845,0.074907,0.29004,0.24847,0.16877,0.38023,0.17542,0.73386,0.51812,0.49846,0.25826,0.46136,0.38023,0.7628,0.70602,0.62867,0.31337,0.58187,NaN,0.25826,0.62867,0.92556,NaN,NaN,NaN,0.33857,0.38023,0.73386,0.46136,0.85666,NaN,0.96206,0.65346,NaN,NaN,NaN,NaN,0.73386,0.49846,0.89044
NaN,NaN,NaN,NaN,0.70602,0.3658,0.60482,0.62867,0.85666,0.51812,0.22997,0.20477,0.22124,0.65346,0.35192,0.89044,0.25826,0.38023,0.38023,0.23904,0.39523,0.3658,0.26845,0.49846,0.3658,0.92556,0.98827,0.99798,0.85666,0.92556,0.49846,0.47955,0.53855,0.49846,0.31337,0.23904,0.55979,0.22124,0.23904,0.11463,0.29004,0.31337,0.26845,0.30148,0.0982,0.18234,0.15028,0.32573,0.33857,0.38023,0.30148,0.46136,0.51812,0.22997,0.24847,0.23904,0.44385,0.15028,0.054972,0.11463,0.13909,0.14457,0.16877,0.38023,0.58187,0.82416,0.30148,0.49846,0.65346,0.29004,0.22997,0.19701,0.82416,NaN,NaN,0.89044,0.32573,0.73386,0.7628,0.58187,0.92556,NaN,0.92556,0.82416,NaN,NaN,NaN,NaN,0.67923,0.30148,0.49846
NaN,NaN,NaN,NaN,0.89044,0.92556,0.25826,0.51812,0.62867,0.16877,0.30148,0.39523,0.65607,0.30148,0.21285,0.38023,0.38023,0.18953,0.58187,NaN,0.53855,0.67923,0.33857,0.38023,1,1,0.70602,1,0.81144,0.79289,0.99782,1,0.46136,0.19701,0.53855,0.39523,0.35192,0.22997,0.42701,0.58187,0.92556,0.85666,0.82416,0.53855,0.7628,0.92556,0.53855,NaN,0.96206,0.49846,0.23904,0.44385,0.92556,0.65346,0.62867,0.82416,0.49846,0.39523,0.89044,1,0.51812,0.92556,0.82416,0.70602,0.62867,NaN,0.96206,0.89044,0.62867,0.41081,NaN,0.79289,0.62867,0.79289,NaN,NaN,0.73386,0.92556,NaN,0.70602,0.79289,NaN,NaN,NaN,0.85666,NaN,NaN,NaN,NaN,0.85666,0.42701
NaN,NaN,NaN,NaN,0.82416,0.67923,0.23904,0.65346,0.70602,0.42701,0.42701,0.25826,0.41081,0.65346,0.49846,0.26845,0.27904,0.3658,0.29004,0.31337,0.42701,0.32573,0.19701,0.31337,0.42701,0.30148,0.73386,0.60482,0.55979,0.7628,0.18234,0.20477,0.49846,0.51812,0.58187,0.97508,0.99024,0.55979,0.67923,0.51812,0.60482,0.49846,0.32573,0.67923,0.73386,0.49846,0.60482,0.62867,0.73386,0.92556,0.58187,0.55979,0.39523,0.55979,0.51812,0.55979,0.3658,0.7628,0.97889,0.9999,0.70602,0.7628,0.70602,0.85666,0.53855,0.70602,0.51812,0.62867,0.7628,0.73386,NaN,0.73386,NaN,0.82416,NaN,NaN,NaN,NaN,NaN,0.73386,0.92556,NaN,NaN,NaN,NaN,NaN,NaN,NaN,NaN,NaN,0.96206
NaN,NaN,NaN,NaN,1,1,0.65346,0.60482,0.85666,0.73386,0.67923,0.55979,0.53855,NaN,0.47955,0.85666,0.82416,0.31337,0.21285,0.3658,0.14457,0.3658,0.42701,0.99945,1,0.97508,0.79289,0.85666,0.55979,NaN,0.7628,0.49846,0.58187,0.67923,0.62867,0.98236,1,0.41081,0.53855,0.58187,0.53855,0.58187,0.30148,0.12874,0.1562,0.46136,0.42701,0.67923,0.70602,0.49846,0.44385,0.35192,0.44385,0.35192,0.12385,0.19701,0.12874,0.60482,0.60482,0.47955,0.27904,0.60482,0.23904,0.47955,0.51812,0.21285,0.46136,0.55979,0.70602,0.47955,0.67923,0.89044,0.41081,0.53855,NaN,NaN,0.82416,0.82416,NaN,0.85666,0.89044,NaN,NaN,NaN,NaN,NaN,NaN,NaN,NaN,NaN,NaN
NaN,NaN,NaN,0.41081,0.65346,0.46136,0.53855,NaN,0.85666,0.58187,0.79289,0.60482,0.49846,NaN,0.96206,0.7628,0.85666,NaN,0.53855,0.39523,0.73386,NaN,0.7628,0.92556,0.67923,0.73386,0.42701,0.7628,0.92556,0.85666,0.70602,0.44385,0.65346,NaN,0.96206,0.97508,0.98548,0.49846,0.7628,0.82416,0.47955,0.3658,0.92556,0.92556,0.79289,0.35192,0.49846,0.46136,0.26845,0.23904,0.39523,0.44385,0.65346,0.31337,0.55979,0.96206,NaN,0.65346,0.65346,0.53855,0.3658,0.46136,0.46136,0.27904,0.21285,1,0.62867,NaN,0.49846,0.49846,0.39523,NaN,0.85666,0.49846,0.55979,NaN,NaN,0.96206,NaN,NaN,NaN,NaN,NaN,NaN,NaN,NaN,NaN,NaN,NaN,NaN,NaN
NaN,NaN,0.79289,0.44385,0.20477,0.29004,0.18234,0.51812,0.31337,0.18234,0.44385,0.73386,0.60482,0.65346,0.46136,0.62867,0.55979,0.51812,0.41081,0.19701,0.41081,0.29004,0.21285,0.51812,0.24847,0.084124,0.26845,0.15028,0.39523,0.55979,0.42701,0.42701,0.26845,0.30148,0.15028,0.44385,0.51812,0.24847,0.30148,0.13909,0.79289,0.89044,0.58187,0.55979,0.49846,0.44385,0.7628,NaN,0.60482,0.46136,0.58187,0.39523,0.53855,0.46136,0.42701,0.1562,0.1562,0.73386,0.85666,0.60482,0.67923,0.58187,0.65346,0.79289,0.92556,0.99998,0.96206,NaN,NaN,0.96206,0.92556,NaN,NaN,NaN,NaN,NaN,NaN,NaN,NaN,NaN,NaN,NaN,NaN,NaN,NaN,NaN,NaN,NaN,NaN,NaN,NaN
NaN,NaN,NaN,0.92556,NaN,NaN,0.73386,0.3658,0.79289,0.82416,0.67923,0.53855,0.3658,0.46136,0.39523,0.35192,0.25826,0.55979,1,0.9471,0.38023,0.7628,NaN,NaN,NaN,NaN,0.82416,0.53855,0.53855,0.49846,NaN,0.79289,0.44385,0.79289,0.42701,NaN,0.70602,0.85666,0.20477,0.26845,0.11463,0.31337,0.42701,0.55979,0.44385,0.47955,0.51812,0.31337,0.22124,0.23904,0.18953,0.22124,0.22997,0.58187,0.67923,0.49846,0.70602,0.31337,0.087441,0.3658,0.85666,0.29004,0.85666,0.53855,0.27904,0.80683,0.41081,NaN,0.79289,0.20477,0.70602,NaN,NaN,0.79289,0.79289,NaN,NaN,NaN,NaN,NaN,NaN,NaN,NaN,NaN,NaN,NaN,NaN,NaN,NaN,NaN,NaN
NaN,0.92556,0.60482,0.58187,0.92556,0.53855,0.7628,0.85666,0.55979,1,0.7628,0.70602,0.67923,NaN,0.89044,0.92556,0.79289,0.60482,0.26845,1,0.61475,0.38023,0.46136,0.65346,0.60482,0.49846,0.82416,0.33857,0.62867,0.89044,0.89044,0.99994,0.90951,NaN,0.99587,0.99856,0.31337,0.38023,0.44385,0.62867,NaN,0.79289,NaN,0.85666,NaN,0.82416,0.51812,0.67923,NaN,NaN,NaN,NaN,NaN,NaN,NaN,0.82416,0.79289,NaN,0.82416,0.92556,NaN,0.92556,0.96206,0.85666,0.53855,0.98667,NaN,NaN,NaN,NaN,NaN,NaN,NaN,0.85666,0.73386,NaN,NaN,NaN,NaN,NaN,NaN,NaN,NaN,NaN,NaN,NaN,NaN,NaN,NaN,NaN,NaN
0.92556,0.58187,0.7628,0.42701,0.92556,NaN,NaN,NaN,NaN,0.39523,0.62867,0.73386,0.49846,0.42701,0.67923,0.79289,0.20477,0.70602,0.44385,0.55979,0.19701,0.55979,0.79289,0.70602,0.3658,0.79289,NaN,0.73386,0.41081,0.30148,NaN,0.73386,0.47955,0.79289,0.22997,0.62867,0.58187,0.51812,0.47955,0.39523,0.17542,0.29004,0.31337,0.33857,0.32573,0.58187,0.53855,0.38023,0.62867,0.73386,0.70602,0.42701,0.33857,0.29004,0.44385,0.90313,0.7628,0.55979,0.35192,0.30148,0.62867,0.70602,NaN,0.82416,0.49846,0.53855,NaN,NaN,NaN,NaN,NaN,NaN,NaN,NaN,NaN,NaN,NaN,NaN,NaN,NaN,NaN,NaN,NaN,NaN,NaN,NaN,NaN,NaN,NaN,NaN,NaN
NaN,NaN,0.92556,0.89044,NaN,NaN,NaN,NaN,NaN,0.79289,NaN,0.67923,0.60482,0.73386,0.79289,0.82416,NaN,0.99735,0.62867,0.85666,NaN,0.89044,NaN,0.89044,0.51812,NaN,NaN,1,1,0.60482,NaN,0.92556,0.92556,NaN,NaN,0.82416,NaN,NaN,NaN,0.92556,0.65346,0.58187,0.53855,0.3658,0.42701,0.20477,0.22124,0.7628,0.73386,0.58187,0.7628,0.58187,0.62867,0.44385,0.60482,0.99983,0.82416,0.51812,0.55979,0.99669,1,0.67923,0.21285,0.29004,0.53855,0.55979,0.92556,NaN,NaN,NaN,NaN,NaN,NaN,NaN,0.89044,0.96206,NaN,NaN,NaN,NaN,NaN,NaN,NaN,NaN,NaN,NaN,NaN,NaN,NaN,NaN,NaN
NaN,0.51812,0.73386,NaN,NaN,NaN,NaN,NaN,0.32573,0.33857,0.96206,0.35192,0.33857,0.44385,0.67923,0.85666,0.58187,0.3658,0.49846,0.41081,0.25826,0.53855,0.92556,0.65346,0.65346,0.67923,NaN,1,0.86263,0.32573,0.29004,1,0.33857,0.24847,0.67923,0.67923,0.62867,0.58187,0.29004,0.46136,0.58187,NaN,NaN,0.41081,0.65346,0.85666,0.65346,NaN,NaN,0.65346,NaN,0.67923,0.79289,0.7628,0.60482,0.79289,0.33857,NaN,0.92556,1,0.99856,0.92556,NaN,0.85666,NaN,NaN,0.89044,NaN,NaN,NaN,NaN,NaN,NaN,NaN,NaN,NaN,NaN,NaN,NaN,NaN,NaN,NaN,NaN,NaN,NaN,NaN,NaN,NaN,NaN,NaN,NaN
0.82416,0.92556,NaN,NaN,NaN,NaN,NaN,NaN,NaN,0.92556,0.67923,0.7628,0.62867,0.22124,0.92556,0.92556,0.7628,NaN,0.96206,0.70602,0.85666,0.79289,NaN,NaN,0.85666,NaN,NaN,1,NaN,0.96206,0.89044,1,0.85666,0.79289,NaN,0.58187,0.39523,0.62867,0.55979,0.39523,0.30148,0.16236,0.21285,0.47955,0.32573,0.19701,0.33857,0.26845,0.045305,0.23904,0.15028,0.20477,0.30148,0.29004,0.24847,0.11463,0.42701,0.12874,0.53855,0.92058,0.99999,0.19701,0.32573,0.066701,0.44385,0.22997,0.32573,NaN,NaN,NaN,NaN,NaN,NaN,NaN,NaN,NaN,NaN,NaN,NaN,NaN,NaN,NaN,NaN,NaN,NaN,NaN,NaN,NaN,NaN,NaN,NaN
NaN,NaN,NaN,NaN,NaN,NaN,NaN,0.96206,0.79289,0.67923,NaN,NaN,0.92556,NaN,NaN,NaN,0.7628,0.65346,0.67923,0.39523,0.39523,0.30148,0.42701,1,0.30148,0.99669,1,1,0.85666,0.67923,0.35192,0.44385,0.85666,0.42701,0.62867,0.49846,0.22997,0.49846,0.7628,0.96206,NaN,NaN,NaN,NaN,0.92556,0.67923,NaN,0.38023,0.41081,0.79289,0.49846,NaN,NaN,NaN,0.79289,0.96206,0.62867,NaN,0.55979,0.74088,1,0.99614,0.60482,0.85666,0.96206,0.7628,0.96206,NaN,NaN,NaN,NaN,NaN,NaN,NaN,NaN,NaN,NaN,NaN,NaN,NaN,NaN,NaN,NaN,NaN,NaN,NaN,NaN,NaN,NaN,NaN,NaN
NaN,NaN,NaN,NaN,NaN,NaN,NaN,0.60482,0.82416,NaN,NaN,0.92556,0.7628,NaN,NaN,0.85666,0.47955,0.62867,0.82416,NaN,0.79289,NaN,0.70602,0.3658,0.73386,0.32573,0.60482,NaN,NaN,0.67923,0.70602,NaN,NaN,0.62867,0.30148,0.46136,0.62867,0.53855,0.35192,0.21285,0.39523,0.62867,0.44385,0.3658,0.1061,0.20477,0.3658,0.24847,0.65346,0.17542,0.1562,0.51812,0.33857,0.26845,0.53855,0.65346,0.70602,0.46136,0.12874,0.47955,0.99975,0.93694,0.65346,0.58187,0.38023,0.7628,0.82416,NaN,NaN,NaN,NaN,NaN,NaN,NaN,NaN,NaN,NaN,NaN,NaN,NaN,NaN,NaN,NaN,NaN,NaN,NaN,NaN,NaN,NaN,NaN,NaN
NaN,NaN,NaN,NaN,NaN,NaN,NaN,NaN,NaN,NaN,NaN,0.7628,0.22997,0.29004,0.82416,0.85666,0.92556,NaN,0.79289,0.49846,NaN,NaN,0.51812,0.58187,NaN,0.38023,0.99739,1,NaN,0.79289,0.92556,NaN,NaN,0.89044,0.85666,0.99614,1,1,0.73386,0.62867,NaN,NaN,NaN,NaN,NaN,NaN,0.96206,NaN,NaN,NaN,NaN,NaN,NaN,0.55979,NaN,NaN,NaN,NaN,0.89044,0.85666,1,1,0.89044,NaN,1,0.55979,NaN,NaN,NaN,NaN,NaN,NaN,NaN,NaN,NaN,NaN,NaN,NaN,NaN,NaN,NaN,NaN,NaN,NaN,NaN,NaN,NaN,NaN,NaN,NaN,NaN
NaN,NaN,NaN,NaN,NaN,NaN,0.82416,0.96206,NaN,0.67923,0.26845,0.7628,0.62867,0.49846,0.7628,0.98548,0.97889,0.7628,0.53855,0.62867,NaN,NaN,NaN,NaN,NaN,0.70602,0.89044,NaN,NaN,0.89044,NaN,NaN,NaN,0.96206,0.25826,0.73386,0.89044,0.18234,0.31337,0.27904,0.3658,0.38023,0.35192,0.41081,0.82416,0.85666,0.62867,0.62867,0.92556,0.53855,0.55979,0.58187,0.70602,0.19701,0.89044,0.96206,NaN,NaN,0.73386,0.70602,1,1,NaN,0.96206,0.73386,0.67923,0.60482,NaN,NaN,NaN,NaN,NaN,NaN,NaN,NaN,NaN,NaN,NaN,NaN,NaN,NaN,NaN,NaN,NaN,NaN,NaN,NaN,NaN,NaN,NaN,NaN
NaN,NaN,NaN,NaN,NaN,NaN,NaN,NaN,NaN,NaN,0.67923,0.96206,0.62867,0.7628,NaN,NaN,NaN,NaN,0.7628,0.96206,NaN,NaN,NaN,NaN,NaN,NaN,1,NaN,NaN,NaN,NaN,NaN,NaN,NaN,0.89044,0.85666,0.7628,0.53855,0.96206,0.96206,0.82416,0.62867,0.96206,NaN,NaN,NaN,0.92556,0.96206,NaN,NaN,NaN,0.96206,0.92556,NaN,NaN,NaN,NaN,NaN,0.7628,NaN,1,1,NaN,NaN,1,0.90313,0.49846,0.65346,0.67923,NaN,NaN,NaN,NaN,NaN,NaN,NaN,NaN,NaN,NaN,NaN,NaN,NaN,NaN,NaN,NaN,NaN,NaN,NaN,NaN,NaN,NaN
NaN,NaN,NaN,NaN,NaN,0.85666,0.85666,NaN,0.85666,0.38023,NaN,NaN,0.7628,0.53855,0.27904,1,1,0.51812,NaN,NaN,NaN,0.55979,NaN,NaN,NaN,0.96206,0.65346,NaN,0.99998,0.73386,0.82416,NaN,NaN,NaN,0.89044,0.62867,0.67923,0.46136,0.46136,0.65346,0.38023,0.32573,0.13381,0.65346,0.89044,0.49846,0.82416,0.67923,0.79289,0.62867,0.53855,0.65346,0.42701,0.79289,0.7628,NaN,NaN,NaN,0.67923,0.51812,0.30148,0.47955,1,NaN,0.65346,0.18234,0.42701,0.92556,0.46136,0.41081,NaN,NaN,NaN,NaN,NaN,NaN,NaN,NaN,NaN,NaN,NaN,NaN,NaN,NaN,NaN,NaN,NaN,NaN,NaN,NaN,NaN
NaN,NaN,NaN,NaN,0.96206,0.89044,NaN,NaN,NaN,NaN,NaN,NaN,NaN,NaN,1,1,1,1,0.96206,0.98236,NaN,0.67923,0.82416,NaN,NaN,NaN,0.89044,1,1,0.79289,0.85666,NaN,NaN,NaN,1,NaN,0.82416,0.73386,NaN,NaN,0.96206,0.92556,NaN,NaN,0.89044,0.7628,0.62867,0.67923,0.60482,0.89044,NaN,0.49846,0.58187,NaN,NaN,NaN,NaN,NaN,0.79289,0.96206,1,NaN,0.7628,NaN,0.79289,0.53855,0.89044,0.70602,0.38023,0.92556,0.82416,NaN,NaN,NaN,NaN,NaN,NaN,NaN,NaN,NaN,NaN,NaN,NaN,NaN,NaN,NaN,NaN,NaN,NaN,NaN,NaN
NaN,NaN,NaN,NaN,NaN,NaN,NaN,NaN,0.53855,0.85666,NaN,NaN,0.82416,0.58187,0.98754,1,1,1,0.99997,0.79289,0.70602,0.62867,0.89044,NaN,1,1,1,1,0.97508,0.58187,0.62867,NaN,NaN,NaN,0.73386,0.67923,0.58187,0.58187,0.31337,0.24847,0.58187,0.46136,0.47955,0.33857,0.11463,0.29004,0.62867,0.12385,0.084124,0.0982,0.60482,0.38023,0.55979,0.85666,0.41081,0.73386,NaN,NaN,0.92556,0.65346,0.3658,0.67923,0.60482,1,0.89044,0.89044,0.79289,NaN,0.92556,NaN,0.79289,NaN,NaN,NaN,NaN,NaN,NaN,NaN,NaN,NaN,NaN,NaN,NaN,NaN,NaN,NaN,NaN,NaN,NaN,NaN,NaN
NaN,NaN,NaN,NaN,NaN,NaN,NaN,NaN,0.89044,0.92556,NaN,NaN,NaN,NaN,0.98971,1,1,1,1,1,1,1,0.98667,1,1,1,1,1,1,1,1,1,1,0.82416,1,1,0.92556,0.92556,0.92556,0.89044,NaN,NaN,NaN,0.92556,NaN,0.92556,0.42701,0.85666,0.73386,0.96206,NaN,0.82416,0.96206,NaN,NaN,NaN,NaN,NaN,NaN,NaN,0.96206,1,NaN,NaN,NaN,0.82416,NaN,0.7628,0.85666,NaN,NaN,0.89044,NaN,NaN,NaN,NaN,NaN,NaN,NaN,NaN,NaN,NaN,NaN,NaN,NaN,NaN,NaN,NaN,NaN,NaN,NaN
NaN,NaN,NaN,NaN,NaN,NaN,NaN,0.58187,0.51812,NaN,NaN,NaN,NaN,0.7628,0.47955,1,1,1,1,1,1,1,1,1,1,1,1,1,1,0.46136,NaN,NaN,1,0.96206,0.67923,0.27904,0.49846,0.46136,0.51812,0.29004,0.22997,0.21285,0.12874,0.0982,0.58187,0.55979,0.67923,0.60482,0.47955,0.55979,0.17542,0.49846,NaN,NaN,NaN,NaN,NaN,NaN,NaN,0.92556,0.79289,0.92556,0.7628,NaN,NaN,NaN,NaN,0.89044,NaN,NaN,NaN,NaN,NaN,NaN,NaN,NaN,NaN,NaN,NaN,NaN,NaN,NaN,NaN,NaN,NaN,NaN,NaN,NaN,NaN,NaN,NaN
NaN,NaN,NaN,NaN,NaN,NaN,NaN,NaN,NaN,NaN,NaN,NaN,NaN,0.96206,NaN,NaN,0.99579,1,1,1,0.55979,1,1,0.99669,1,1,1,0.92556,1,1,1,1,1,1,1,0.99956,0.7628,0.89044,0.85666,0.85666,NaN,NaN,0.99798,0.60482,0.99978,0.99904,NaN,NaN,NaN,NaN,NaN,NaN,NaN,NaN,NaN,NaN,NaN,NaN,NaN,NaN,NaN,1,NaN,NaN,NaN,NaN,NaN,0.89044,NaN,NaN,NaN,NaN,NaN,NaN,NaN,NaN,NaN,NaN,NaN,NaN,NaN,NaN,NaN,NaN,NaN,NaN,NaN,NaN,NaN,NaN,NaN
NaN,NaN,NaN,NaN,NaN,NaN,0.89044,0.85666,0.46136,NaN,NaN,NaN,NaN,NaN,NaN,1,NaN,1,1,1,1,1,1,1,1,1,1,1,1,1,1,1,1,1,1,1,0.89044,0.65346,0.73386,0.82416,0.70602,1,0.82416,0.92556,0.65346,0.53855,NaN,NaN,NaN,0.92556,0.70602,NaN,NaN,NaN,NaN,NaN,NaN,NaN,NaN,NaN,NaN,NaN,NaN,NaN,NaN,NaN,NaN,NaN,NaN,NaN,NaN,NaN,NaN,NaN,NaN,NaN,NaN,NaN,NaN,NaN,NaN,NaN,NaN,NaN,NaN,NaN,NaN,NaN,NaN,NaN,NaN
NaN,NaN,NaN,NaN,NaN,NaN,NaN,NaN,0.89044,NaN,NaN,NaN,NaN,NaN,NaN,NaN,NaN,NaN,NaN,NaN,NaN,NaN,NaN,NaN,NaN,NaN,NaN,0.99579,0.99995,NaN,1,1,1,1,0.99978,1,0.51812,0.65346,0.82416,0.92556,NaN,NaN,0.82416,NaN,0.67923,0.82416,NaN,NaN,NaN,NaN,NaN,NaN,NaN,NaN,NaN,NaN,NaN,NaN,NaN,NaN,NaN,NaN,NaN,NaN,NaN,NaN,NaN,NaN,0.92556,NaN,NaN,NaN,NaN,NaN,NaN,NaN,NaN,NaN,NaN,NaN,NaN,NaN,NaN,NaN,NaN,NaN,NaN,NaN,NaN,NaN,NaN
NaN,NaN,NaN,NaN,NaN,0.96206,0.70602,0.79289,NaN,NaN,NaN,NaN,NaN,NaN,NaN,NaN,NaN,NaN,NaN,NaN,NaN,NaN,NaN,NaN,NaN,NaN,NaN,1,1,1,1,1,1,1,1,1,1,1,1,NaN,0.99995,1,NaN,NaN,0.70602,0.60482,0.89044,NaN,0.7628,0.62867,0.96206,0.89044,NaN,NaN,NaN,NaN,NaN,NaN,NaN,NaN,NaN,NaN,NaN,NaN,NaN,NaN,NaN,NaN,NaN,NaN,NaN,NaN,NaN,NaN,NaN,NaN,NaN,NaN,NaN,NaN,NaN,NaN,NaN,NaN,NaN,NaN,NaN,NaN,NaN,NaN,NaN
NaN,NaN,NaN,NaN,NaN,NaN,0.53855,0.47955,NaN,NaN,NaN,NaN,NaN,NaN,NaN,NaN,NaN,NaN,NaN,NaN,NaN,NaN,NaN,NaN,NaN,NaN,NaN,NaN,NaN,0.96206,NaN,NaN,1,1,0.99964,1,1,1,0.60482,NaN,1,0.96539,0.89044,NaN,0.79289,0.73386,NaN,NaN,1,NaN,NaN,NaN,NaN,NaN,NaN,NaN,NaN,NaN,NaN,NaN,NaN,NaN,NaN,NaN,NaN,NaN,NaN,NaN,NaN,NaN,NaN,NaN,NaN,NaN,NaN,NaN,NaN,NaN,NaN,NaN,NaN,NaN,NaN,NaN,NaN,NaN,NaN,NaN,NaN,NaN,NaN
NaN,NaN,NaN,NaN,NaN,0.79289,NaN,NaN,NaN,NaN,NaN,NaN,NaN,NaN,NaN,NaN,NaN,NaN,NaN,NaN,NaN,NaN,NaN,NaN,NaN,NaN,NaN,NaN,NaN,NaN,NaN,1,1,1,1,1,1,1,1,1,1,1,NaN,0.92556,0.53855,0.7628,0.62867,NaN,0.7628,0.65346,0.89044,NaN,NaN,NaN,NaN,NaN,NaN,NaN,NaN,NaN,NaN,NaN,NaN,NaN,NaN,NaN,NaN,NaN,NaN,NaN,NaN,NaN,NaN,NaN,NaN,NaN,NaN,NaN,NaN,NaN,NaN,NaN,NaN,NaN,NaN,NaN,NaN,NaN,NaN,NaN,NaN
NaN,NaN,NaN,NaN,NaN,0.70602,0.89044,NaN,NaN,NaN,NaN,NaN,NaN,NaN,NaN,NaN,NaN,NaN,NaN,NaN,NaN,NaN,NaN,NaN,NaN,NaN,NaN,NaN,NaN,NaN,NaN,NaN,NaN,0.67923,NaN,0.78344,0.62867,0.29004,0.35192,0.51812,0.29004,0.14457,0.31337,NaN,0.82416,0.60482,0.7628,NaN,0.39523,0.41081,0.70602,NaN,NaN,NaN,NaN,NaN,NaN,NaN,NaN,NaN,NaN,NaN,NaN,NaN,NaN,NaN,NaN,NaN,NaN,NaN,NaN,NaN,NaN,NaN,NaN,NaN,NaN,NaN,NaN,NaN,NaN,NaN,NaN,NaN,NaN,NaN,NaN,NaN,NaN,NaN,NaN
NaN,NaN,NaN,NaN,NaN,NaN,NaN,NaN,NaN,NaN,NaN,NaN,NaN,NaN,NaN,NaN,NaN,NaN,NaN,NaN,NaN,NaN,NaN,NaN,NaN,NaN,NaN,NaN,NaN,NaN,NaN,NaN,1,NaN,NaN,1,1,1,1,1,1,0.7628,NaN,0.92556,0.96206,NaN,0.92556,NaN,0.99579,0.99979,NaN,NaN,NaN,NaN,NaN,NaN,NaN,NaN,NaN,NaN,NaN,NaN,NaN,NaN,NaN,NaN,NaN,NaN,NaN,NaN,NaN,NaN,NaN,NaN,NaN,NaN,NaN,NaN,NaN,NaN,NaN,NaN,NaN,NaN,NaN,NaN,NaN,NaN,NaN,NaN,NaN
NaN,NaN,NaN,NaN,NaN,NaN,NaN,NaN,NaN,NaN,NaN,NaN,NaN,NaN,NaN,NaN,NaN,NaN,NaN,NaN,NaN,NaN,NaN,NaN,NaN,NaN,NaN,NaN,NaN,NaN,NaN,NaN,NaN,NaN,NaN,1,1,1,1,1,0.93895,0.99993,0.55979,0.39523,NaN,0.67923,0.60482,NaN,0.79289,0.30148,0.73386,NaN,NaN,NaN,NaN,NaN,NaN,NaN,NaN,NaN,NaN,NaN,NaN,NaN,NaN,NaN,NaN,NaN,NaN,NaN,NaN,NaN,NaN,NaN,NaN,NaN,NaN,NaN,NaN,NaN,NaN,NaN,NaN,NaN,NaN,NaN,NaN,NaN,NaN,NaN,NaN
NaN,NaN,NaN,NaN,NaN,NaN,NaN,NaN,NaN,NaN,NaN,NaN,NaN,NaN,NaN,NaN,NaN,NaN,NaN,NaN,NaN,NaN,NaN,NaN,NaN,NaN,NaN,NaN,NaN,NaN,NaN,NaN,NaN,NaN,NaN,NaN,NaN,NaN,0.99948,NaN,0.99179,1,0.92556,0.92556,NaN,NaN,NaN,NaN,0.96206,0.55979,NaN,NaN,NaN,NaN,NaN,NaN,NaN,NaN,NaN,NaN,NaN,NaN,NaN,NaN,NaN,NaN,NaN,NaN,NaN,NaN,NaN,NaN,NaN,NaN,NaN,NaN,NaN,NaN,NaN,NaN,NaN,NaN,NaN,NaN,NaN,NaN,NaN,NaN,NaN,NaN,NaN
NaN,NaN,NaN,NaN,NaN,NaN,NaN,NaN,NaN,NaN,NaN,NaN,NaN,NaN,NaN,NaN,NaN,NaN,NaN,NaN,NaN,NaN,NaN,NaN,NaN,NaN,NaN,NaN,NaN,NaN,NaN,NaN,NaN,NaN,NaN,NaN,NaN,NaN,1,0.9805,NaN,1,NaN,NaN,NaN,0.96206,0.89044,NaN,NaN,0.85666,0.96206,NaN,NaN,NaN,NaN,NaN,NaN,NaN,NaN,NaN,NaN,NaN,NaN,NaN,NaN,NaN,NaN,NaN,NaN,NaN,NaN,NaN,NaN,NaN,NaN,NaN,NaN,NaN,NaN,NaN,NaN,NaN,NaN,NaN,NaN,NaN,NaN,NaN,NaN,NaN,NaN
NaN,NaN,NaN,NaN,NaN,NaN,NaN,NaN,NaN,NaN,NaN,NaN,NaN,NaN,NaN,NaN,NaN,NaN,NaN,NaN,NaN,NaN,NaN,NaN,NaN,NaN,NaN,NaN,NaN,NaN,NaN,NaN,NaN,NaN,NaN,NaN,NaN,NaN,NaN,NaN,NaN,NaN,0.96206,0.85666,NaN,NaN,NaN,NaN,0.65346,0.42701,0.67923,NaN,NaN,NaN,NaN,NaN,NaN,NaN,NaN,NaN,NaN,NaN,NaN,NaN,NaN,NaN,NaN,NaN,NaN,NaN,NaN,NaN,NaN,NaN,NaN,NaN,NaN,NaN,NaN,NaN,NaN,NaN,NaN,NaN,NaN,NaN,NaN,NaN,NaN,NaN,NaN
NaN,NaN,NaN,NaN,NaN,NaN,NaN,NaN,NaN,NaN,NaN,NaN,NaN,NaN,NaN,NaN,NaN,NaN,NaN,NaN,NaN,NaN,NaN,NaN,NaN,NaN,NaN,NaN,NaN,NaN,NaN,NaN,NaN,NaN,NaN,NaN,NaN,NaN,NaN,NaN,NaN,1,NaN,NaN,NaN,NaN,NaN,NaN,NaN,NaN,NaN,NaN,NaN,NaN,NaN,NaN,NaN,NaN,NaN,NaN,NaN,NaN,NaN,NaN,NaN,NaN,NaN,NaN,NaN,NaN,NaN,NaN,NaN,NaN,NaN,NaN,NaN,NaN,NaN,NaN,NaN,NaN,NaN,NaN,NaN,NaN,NaN,NaN,NaN,NaN,NaN
NaN,NaN,NaN,NaN,NaN,NaN,NaN,NaN,NaN,NaN,NaN,NaN,NaN,NaN,NaN,NaN,NaN,NaN,NaN,NaN,NaN,NaN,NaN,NaN,NaN,NaN,NaN,NaN,NaN,NaN,NaN,NaN,NaN,NaN,NaN,NaN,NaN,NaN,NaN,NaN,NaN,1,NaN,NaN,NaN,NaN,NaN,NaN,NaN,NaN,NaN,NaN,NaN,NaN,NaN,NaN,NaN,NaN,NaN,NaN,NaN,NaN,NaN,NaN,NaN,NaN,NaN,NaN,NaN,NaN,NaN,NaN,NaN,NaN,NaN,NaN,NaN,NaN,NaN,NaN,NaN,NaN,NaN,NaN,NaN,NaN,NaN,NaN,NaN,NaN,NaN
NaN,NaN,NaN,NaN,NaN,NaN,NaN,NaN,NaN,NaN,NaN,NaN,NaN,NaN,NaN,NaN,NaN,NaN,NaN,NaN,NaN,NaN,NaN,NaN,NaN,NaN,NaN,NaN,NaN,NaN,NaN,NaN,NaN,NaN,NaN,NaN,NaN,NaN,NaN,NaN,NaN,NaN,NaN,NaN,NaN,NaN,NaN,NaN,0.92556,0.96206,NaN,NaN,NaN,NaN,NaN,NaN,NaN,NaN,NaN,NaN,NaN,NaN,NaN,NaN,NaN,NaN,NaN,NaN,NaN,NaN,NaN,NaN,NaN,NaN,NaN,NaN,NaN,NaN,NaN,NaN,NaN,NaN,NaN,NaN,NaN,NaN,NaN,NaN,NaN,NaN,NaN
